1000
50000
3
1000
perf
0 11639.550820807914 35130.08605157623 1102.8797405512562 2418.0411818664465
1 14422.718938405664 13582.516753856431 1016.881352305702 3836.5610945695
2 7447.212503147794 37015.665814852066 736.3682756822 3857.2094636772445
3 5869.017739972919 44596.15047047175 1401.8788240488016 3467.5141622376427
4 40377.25049260944 39054.446905893245 1100.7292789288279 3475.991232291642
5 4335.263064300829 49262.829257178775 1719.9085393604782 1945.9258166071081
6 33350.78704199238 12361.29717960092 3528.9623637635627 2616.1926182259585
7 7336.619300161134 35036.71088437689 2221.224264511108 1904.7710980395577
8 29506.390858359795 839.5362374912834 2060.6224598724298 3106.273804841154
9 27080.24245199233 11385.713375583304 2999.8734352123242 4009.0820933674026
10 3172.314008996424 19900.732852030924 1804.5280961848002 2240.65101536569
11 184.0657929167105 31483.1528417461 2988.0537485826644 3134.872093600623
12 3286.449779561688 47265.52566113015 1989.683089915326 1742.1264721152397
13 29161.12740773516 9528.488962687119 2873.731699845506 2618.6349008540956
14 40036.621898710815 28349.904280968833 3072.044629888761 3517.4919858755916
15 35952.26357960865 14618.083206680598 3323.690828061142 2000.1641464300642
16 11366.753126508038 29778.422000269104 3787.77522610805 1051.9166721494114
17 26299.4990755826 31448.099200145636 1793.405766462101 3590.7933792833687
18 37520.864232174456 31818.59862090879 1196.7982099304052 1605.5457085142334
19 5415.824759196063 37527.64620141111 1062.368662945901 3514.6805898908797
20 7665.196758374211 48142.8498842182 1191.5316270242956 788.244836918494
21 42093.92019594633 7238.9653241218 1507.1766209829993 1565.5938755978277
22 4894.224599437901 8320.98393254789 3140.398063745781 1733.4613917044699
23 7077.960414559349 16437.882686870256 3257.373480986668 3439.6027766037873
24 30032.14126880262 11981.554278413958 3114.388283979842 3780.154873772143
25 37342.34516605411 40611.55821879916 3019.0829277044686 1126.8452535850397
26 19083.941100018677 5919.295916591333 3600.6772641251036 3922.3479911146974
27 44059.11819485031 43744.36501086704 1690.9828003161228 3765.834010462776
28 39464.69741908925 4842.945892805129 1881.5816237275717 1190.554193040345
29 36120.48852981773 22121.99758439216 3153.310373861114 2686.775498762448
30 17609.887590112507 31717.531403134726 4091.3243974071866 555.7087468870342
31 239.2574214529917 28320.587229894216 1979.970064837606 3311.992701147586
32 24553.652313414073 23009.75844810634 2821.7596342212223 3282.949390749848
33 11285.464516659862 16952.250792740826 528.1986673320715 523.916529750459
34 2161.575060348007 45618.50750900258 1010.5343356504623 664.6719801060469
35 11162.023494795027 3191.50931713024 1114.1148172318806 2340.3425923715963
36 8887.104197629365 15188.191626319793 885.7052240336816 3409.019113911532
37 22821.482550959106 17902.471147725963 2009.388104645499 2715.95607805049
38 44602.897145558236 34381.86344947427 1503.031804893837 1889.0502782815015
39 24733.691650965837 3897.8445177275703 2900.5160101084984 2598.5677866240917
40 3115.5363823357134 32434.718783562537 3711.4198144446063 1532.4681159580125
41 39013.835965254366 18298.041227731585 1834.4162800980093 2111.055198152643
42 18005.322690296656 36696.17938512904 3709.2905014309117 2571.1692961617705
43 45106.39049091562 46169.84933796715 680.0510082196895 2459.6407538833123
44 16856.724639608365 15619.459456733164 1458.8003573585306 4114.312961026467
45 17809.88508057594 48159.08947705297 572.9393843119976 1952.5274935119414
46 2017.37189258682 12955.876643545562 1049.238000897385 4028.9714516784893
47 16406.95142441853 22217.737546992805 3591.271531003722 2079.4174331075155
48 25596.923699772018 19105.748487743298 3180.853646217638 3108.8619483724406
49 35457.76886254254 33130.08091485782 1764.5802398107485 3379.5658346003042
50 7030.964239860125 37141.123606841604 3049.1675273839264 3353.6644523156183
51 28562.509907945983 41707.55773173007 2008.1301118936685 3986.6365681471652
52 22737.775059558207 7096.647139365574 3036.0495231623477 1448.7952786560468
53 30657.360036530397 1410.100160500713 3063.6471762195615 3726.472463238017
54 37908.58362648055 20394.021841034704 3209.8335636141196 1399.8440047382255
55 37906.492376020964 19161.93307116191 3463.4056395016237 3373.8412675076975
56 6617.876953647505 31621.619469471203 3228.611352634418 4076.6591052201143
57 23002.811102229603 45978.61118567441 3552.502682826119 905.7758873634593
58 13894.790677507703 29733.055181743097 1049.0583107975576 1703.8508705067825
59 43316.035435362704 25521.61823459128 2493.6652203151966 1533.7590096753186
60 8969.312269014526 27523.752783741493 750.8205027155907 4001.943082590237
61 38167.16797447143 8227.755228903152 3442.458337419851 3655.6141119680606
62 18753.089308890136 44936.328762685276 1275.5240349001172 1653.5091262787182
63 8308.710236971036 49641.615340369564 588.101154701945 2420.1712449394086
64 24603.493481512203 18161.14101119101 2352.06223424973 2484.032259392997
65 14899.673273285744 21698.645180567848 1516.6142845562117 2350.817810222382
66 31819.20902145772 25643.259813151377 2883.9234494103453 1510.4408745836406
67 49693.44200451627 48162.3942292724 3363.6261823704967 3601.699439983397
68 7902.294159099347 4936.367829148406 2205.004336135031 2718.046464211795
69 7538.999629912661 15733.779305073895 769.6869128029555 2097.6222838201475
70 41329.35447502764 9655.610348089089 3563.665714314648 1300.4763144597196
71 37828.10436983461 23706.985319578664 2492.6075861134013 1598.1373075375623
72 23890.27728070841 15593.455504700669 2599.727528210592 3193.67269577124
73 5112.419583599104 47436.552569564585 2149.7620011666963 3460.3567813320637
74 48067.091522715644 25809.583892606082 3353.1616203351687 1510.4064348402705
75 16194.693465375825 11644.70091954376 3462.2773345823825 1016.4402344633211
76 28648.744201782403 43780.03557310111 1632.0034107660763 1200.8870548623386
77 48937.558720409 24603.077298389642 2406.603187703357 789.7471864347656
78 18789.78790419482 39485.34977946984 2584.7826542966072 1186.509235091635
79 7834.910059068475 46722.569909119215 2200.5086394530585 1407.8481622740655
80 16758.7028990987 16459.54337033846 2980.962436972438 1590.2927877093261
81 24910.34508048652 14860.578410949694 1616.3775357774134 2936.78557003416
82 17880.115867865097 32698.948525455417 3898.7331196076293 2729.1476139004058
83 45419.731249367025 34104.69522681757 2661.833056754386 1517.457580920031
84 6710.332545840213 23530.99593571834 2571.175736599541 3179.482307250175
85 27330.394722796776 1071.0109930072788 3114.5559460888076 1365.6634212928461
86 41109.79913585329 3950.693057861221 4069.7073779727543 2821.8036108469955
87 8967.783099253174 17444.64844417067 1543.2407270322444 3285.329672747964
88 34247.22771224564 45134.021757903196 2757.4847116917595 2476.6587056403464
89 41074.145934490836 13496.89662544146 3283.1753270725117 3407.3783071938956
90 28939.635876647673 26980.014758651814 667.0885480362624 1942.240265534052
91 1171.0924664014988 5402.85623993178 3035.982072531485 3921.0500622668924
92 30412.840604806457 8759.5883019234 1935.0490348617327 2997.693423286748
93 30225.887855687488 46225.28760028743 3648.6114220916356 2070.6373151182374
94 14184.259650637952 24304.257047783885 900.0120401037925 3941.4393811733057
95 49939.61765675498 15428.914439419561 2311.7827798237818 523.4720677758784
96 32633.40072576304 9171.558660773908 2356.6116893811845 1233.6454483038606
97 47596.98352720761 33879.20726680804 2696.4178470737615 4092.4371360023933
98 3531.2085311677133 14929.535734750561 2343.6482240533305 3527.083054631379
99 21003.83761290682 47820.874525235005 1293.4127070116715 805.1408019782945
100 23447.957907341322 9098.928888111643 3832.4725835885306 4089.335704778792
101 2270.319125051402 26782.045749057037 1879.0587897502678 1356.6570766973268
102 30123.62516294754 29432.453418776964 1544.6519587461353 2759.9212019267375
103 33860.68933327395 36755.35357803516 1778.0729656094868 2540.231441757508
104 19396.95787362584 6444.6540327598 3473.197876860158 1578.4520122055014
105 22026.026234048924 46442.989886706404 2667.5925764879125 1796.258193005655
106 13218.942668783418 10473.011940808245 1233.911382307659 3499.380351353294
107 28239.898950674342 33059.841129718705 2604.6806112784525 1119.8439934277687
108 47222.493204128834 4733.508931839023 677.3098937891278 698.8489438187646
109 4276.664887882736 7221.23569247025 2869.3655016799253 2638.030701779062
110 48509.38015444618 9714.05588100637 1615.551542607101 1624.8756735603652
111 19572.06522278941 34571.50229225152 1837.489282313782 1713.161133452907
112 757.8437574691844 8876.743449945281 3181.8036786875696 2845.014790007525
113 38266.0022805124 5877.473582973377 3609.781423496504 2695.789927554931
114 897.4883177075561 32167.30693732075 2012.7187162434716 4075.897262205275
115 4759.937726866864 19145.424867229907 3005.3552644713054 1046.3613659222128
116 26604.59018717599 15985.441238321888 1252.4791165246334 2610.4462671538377
117 11631.570587770497 35067.97850914977 3118.004518269431 1736.2146002503378
118 28871.828841095434 15951.257801707985 1681.0821115040549 2094.2214264300437
119 41977.62966890835 38590.261042454644 2764.671749600226 2492.3298034433697
120 41853.505607561085 18828.26635094473 3029.235735192715 586.6863517923198
121 21641.729078197295 13401.354063428176 2261.8554981224956 678.0780086821009
122 23542.90274466737 8468.0670593368 1854.0730251022178 3255.979523784432
123 8348.352357092419 1319.1424733794681 3443.2557921965636 2380.4211384026717
124 41358.60999150435 35906.929624760545 3746.6304862939674 3349.2560783547674
125 16980.122859103205 10826.46520841661 3110.143152988103 3165.317221300753
126 38627.61351417052 17590.30652611321 2571.9281482342158 4157.415993763387
127 3974.1115445399914 43631.25032866705 912.6085451728813 3208.8141342876634
128 27169.753129763565 20646.341451644603 1200.279853774102 3567.406919555583
129 25522.4213386146 1115.2249540143514 700.8562851165163 2549.4260733129236
130 25151.60356570407 45862.65559533655 1757.8049771341443 2383.765970774613
131 26323.182126776 43164.26716840865 2431.438233352353 2537.7177712920247
132 40410.173860667484 46683.86655816347 3119.132903157524 1793.3399070723817
133 5611.258298492522 1318.4890435399032 2622.207507398994 566.0161944450475
134 45081.014721687876 23199.70360518594 2985.9317667159257 1078.7314946805654
135 10525.618649008225 10774.398211737229 2586.0103893904834 3378.3919055098772
136 30683.556182427335 21553.354677717773 1822.058192994079 1411.8702758882578
137 25112.05311834742 35819.66273926967 3060.9969195583335 4130.662325889335
138 5658.423125750882 40154.29479348861 1574.207596498326 1037.8889221430547
139 21365.876739734395 21798.254644546127 2491.486294573202 1093.179097422922
140 28120.92695477959 19735.868853629614 1811.3585284256078 1701.9371317150935
141 1126.5463982574793 47409.65984616258 1468.8771294257322 3939.7860293689514
142 4340.265212032678 8349.87101189146 1148.516086974375 3537.714830693502
143 19020.39405570058 22938.217872531583 2829.5443604452457 969.6831257803444
144 36593.114572075734 10356.676574176152 943.6592213561453 2105.201995173576
145 34742.920453127444 36604.8830940162 3564.254681082635 2046.7219673281593
146 26412.19441818578 45677.30896690286 2944.3081921439875 3735.5394874873323
147 21527.123815928393 47103.36106526335 3153.3379665980015 1155.6434883890242
148 43098.68134753435 28968.12951510635 1354.319279668484 3787.829850528391
149 9536.925793002316 110.63404315944298 3839.655931249591 3484.429701265684
150 20039.3446835866 34252.25166551494 3203.965329422216 2617.8961439830196
151 21181.06192836974 33953.87508773228 4085.7935320908523 1866.865377787481
152 903.725105754338 37789.15273705576 1450.0043199088211 4087.692836606023
153 18090.74799376033 16828.886564925502 949.4525294205359 1091.1863132812512
154 43221.95922578565 40134.426115137765 3024.8221888940466 720.9095246321735
155 1839.4154599247224 39795.176273553465 3011.741532628412 3107.7149163224535
156 6862.65905821167 7853.614433530595 1718.1019688736683 1042.2616128951795
157 34893.379779846226 1949.7362290609442 4081.5900065662736 3832.270938553831
158 23556.256106786943 37177.166040797034 2959.716835250226 1431.9711042672368
159 34200.6962948297 48926.41662616171 3879.4129599664184 2808.972392317007
160 7509.100705653175 43063.17473401912 1041.6699644857617 653.5588872584322
161 19612.071140418364 45154.79945482796 2582.908422763607 2490.573891758546
162 35899.29343880931 5960.842971246158 1512.0161936903746 3589.7733092070584
163 22814.912743551627 36661.8332472471 999.6840299644778 3227.6053156471094
164 35779.23735714813 26635.214729528318 3572.12853867937 2189.1893017664243
165 45304.50305109363 386.1752360038999 2981.101789526864 721.5343816525973
166 20054.26295826015 16512.74653573479 2893.716848932754 651.6221262895874
167 34069.528012636794 16618.06387144306 1272.6661620005007 3926.6070622807943
168 2811.928692631578 42489.64906387227 1527.8829259914082 4007.441696253746
169 25625.108385147018 40166.85426684585 1815.7976879105977 3374.469042174067
170 48986.06617462871 35577.90042025002 2282.418616068643 994.9930913864628
171 24269.675412418885 31185.72021299831 2056.4332753846825 3287.078918707324
172 1686.397982077589 4019.671600965048 2543.6549969711837 3364.3551930335807
173 176.106655760979 17734.114468098098 3734.071630349159 1987.0791360769008
174 17384.51738070792 44367.058786780784 1199.5813014394168 2919.4956104365383
175 33396.68327652141 33614.65394914032 2234.520559986809 1589.8079576934715
176 15111.865776033641 33174.705828195845 1508.3972717293245 1190.1460584503184
177 11067.797700427727 43616.41553375884 1449.669848330225 2825.9861817736087
178 16438.29968210648 32992.202567660104 1940.6687085678823 2867.618105665871
179 18800.66496326134 45480.38270056636 1487.5758358645257 1284.6518971554274
180 45480.15855733473 44886.795889882895 4109.263582128484 2969.4869537933187
181 35000.76344934153 39487.18722337144 2146.4375892410476 1268.0137587854852
182 16854.747365461968 16816.125928817142 1492.3784912515143 819.1423065518406
183 31561.134430110556 42097.83004480496 1427.4621855923465 2574.9548031961754
184 26165.995962854697 7219.830229828272 3693.3146656162594 3759.943592904621
185 22186.953497399103 41061.79173368555 641.1956576334385 1472.2876745356111
186 43274.568875463076 17865.447293720303 2870.955918317532 1623.7151067395548
187 13993.992930918681 36008.66163891442 3592.0381041010623 1476.1030529213372
188 16441.319095108767 5790.682154926342 1527.052136325858 886.8605773571712
189 40242.983337916 9831.983056830293 2349.477985433167 3551.1345846582008
190 7235.883589660894 26904.313881727965 945.9862377875615 1563.7778645272283
191 19591.58308403259 47521.487073513956 810.8885486182076 1207.7580356404596
192 746.869022968148 30953.62950121038 3981.4648584626125 3180.6439601990724
193 22569.051294382385 26306.971925990278 1924.2983773365709 1649.222172142393
194 22379.42297661278 38952.50065216573 2392.812447112964 2097.1605169677373
195 10022.551192449546 38365.231410974906 1862.3552135648301 1931.733289739619
196 33062.81964756857 2358.4278302591297 3184.905191473571 728.9526566045076
197 42933.068391752866 35451.97607730186 2539.623747272078 3083.0605913054146
198 8377.120373972084 660.1633379823916 3586.1302228547825 3246.0115240516648
199 25576.59019470565 36780.673272479944 817.5743084207177 3784.736733705157
200 8412.481851919478 43334.31262142704 2777.886461421565 3478.656059776268
201 2793.9306284447516 24897.919872687096 994.2715924448471 2788.171407178753
202 38498.76283616547 18178.154076264887 2293.799327985814 4097.977220994461
203 36437.77458895102 39804.47478380367 1191.540270231339 629.6309682658505
204 33131.65188395577 24541.331777028343 2286.968622988073 3174.8659562755884
205 38794.21648850028 46312.31149245863 1897.024383548502 2869.4525305229677
206 5183.63905976042 34790.230921091024 2455.736107454128 2760.460205638696
207 31710.38155592211 36784.04710239763 4128.647024702348 877.6743152776005
208 43343.914468985044 45017.031161148945 1800.9196806393074 2326.6006340648396
209 12244.513532785813 33267.35998987167 2875.175133034577 1660.402753573977
210 21442.239900075787 46143.73760249005 1157.8919702247217 2581.5163175630632
211 48335.090503314736 27438.2405335805 1079.6136464128308 1574.541327719152
212 3496.701556946799 37049.48151309502 2241.2378262561074 1382.4475106009104
213 24956.830628530293 46396.344474596255 1924.9771376509611 3994.5075605114394
214 32853.76157676748 48746.9839829101 757.3345367749976 2534.1516778760697
215 25566.56854791015 19017.77967653676 2143.4666930330777 1994.1757306658324
216 32702.185123102172 41990.855075752734 2827.9251889943102 3418.2083583654257
217 31969.930543519313 39627.10312640949 2319.8386014874645 3596.2228621736067
218 28795.45724199714 33848.161201335 2897.0208151602947 3945.455961645713
219 31640.518068615227 37518.070232019614 1815.494270029717 1566.3625175487418
220 20101.631059056457 11436.212667676567 2556.301612068599 2103.733926057777
221 29559.948512451152 38120.90294486427 1878.420953774887 2178.810704752522
222 7326.233432849954 6095.365100177012 1431.807825886696 1981.8682787487905
223 9043.156443310754 15486.684905063841 1101.4888550168976 3191.4458015572845
224 5375.567968069883 19310.68831928218 2292.761336258912 1748.1094121917158
225 14881.52624416153 23388.196147600058 1708.5051728108851 548.5491124677629
226 4782.096486777093 12069.59433759503 2220.4593237837935 3750.5904957365146
227 17883.006992965584 1151.829058179021 2652.2734300053585 997.9517113496179
228 43244.39126872355 44436.581778937616 596.3080703211294 1758.1280849965751
229 37920.04418999359 37217.983137072035 1731.455104827478 1930.7417108522736
230 23110.502478081977 35095.904731972216 2792.8186253277727 3470.984006822999
231 20637.913192653123 28588.1294569228 827.2279618283139 1704.7556469094038
232 25534.269331793374 17914.85509329544 2903.429734589387 1665.3578540426774
233 25114.018026657075 12785.604670581943 4071.748337911593 1263.9012314913587
234 9078.629558440014 41817.52321310934 1541.5605634269496 3445.9332669995943
235 31601.036936016033 20056.085383934565 1036.692115455019 3946.061898685535
236 40294.83243525791 24392.020691581747 3551.186830506394 2184.9533804135767
237 7104.612757737752 9697.897704782254 2669.7834604872037 2259.0125861561296
238 3543.622442773641 18469.32199036054 1702.1015398472891 2294.085129316287
239 4899.116710111624 3510.7605946967965 3696.9367327001264 2259.4498667663984
240 2130.270735789998 14291.4625089725 3025.390699967874 773.5050725865875
241 49025.386947939085 28018.99023840767 1491.7249747274514 3394.362646803239
242 781.9045965725638 45661.157575175464 1505.0397096352558 3335.0135858015547
243 14639.197957270806 16286.892737341273 2370.862469456941 3173.998143070278
244 28974.64081605393 29979.63823747862 3742.615191147509 2752.3561121680664
245 14405.651779825166 35139.706736284636 857.8924987752445 808.4469852051272
246 33969.260363991925 764.1697858719316 2070.082439152719 4049.9158624052507
247 21994.188644434038 14845.253742310853 1912.0796371037181 3458.0756239046427
248 13804.001680459978 27364.65604441559 998.2435496398559 4087.9473594527844
249 44639.42129821935 48812.16284650954 558.894355659752 2251.1314811171933
250 37415.84938579189 3769.869496637241 2538.228423680215 2380.196639454973
251 4982.984513366561 6817.406275047083 2000.1701796934303 1090.1738099219529
252 20449.545129993832 42982.8416824879 1909.8898478570477 2501.587013472966
253 14044.751227971095 1183.654520084483 2135.448596593687 3105.827808609925
254 42711.37956512719 23416.777219147545 3872.134260762207 1107.7432376134307
255 32882.71902938201 39269.5696300555 1539.3522719076186 2567.4840159657883
256 45828.95998486984 20873.343596267987 3412.0544471777193 4131.377167001457
257 14685.15138439483 23750.676012475433 1813.42757407713 1002.8900869314808
258 31143.62380563868 5205.230616950371 2720.9053631487086 2770.241476488794
259 16087.137939015716 13268.3224547757 2477.5000212722143 693.672914934818
260 36488.764431681324 10436.535856732904 2362.072381587022 2533.9699581281393
261 1467.9670582201059 124.1830857623609 937.2233783597152 884.9930791660598
262 988.4928953974338 20017.951773881865 4113.122805390808 860.2497268658412
263 9466.810228499799 23764.698322905297 1093.4765529986075 2462.7467005416793
264 30263.612535025768 5614.0124196967045 526.1064663086612 2955.178167241297
265 10819.001305645705 35059.02950794886 1635.5575527981869 3245.7659137762894
266 24469.497989462838 11110.719920311769 725.4469593107874 1901.3059891903317
267 15179.849310606352 3186.542324463017 1361.0969340466518 1551.6561723192776
268 5911.4801244058335 34432.22741203796 2694.535704028491 695.0486280328489
269 7650.458304158984 14563.965404320317 2185.1933722134186 3137.2812053765997
270 30946.71076992183 13828.44253200684 2416.642913380925 3344.9654117582677
271 49981.280266354355 19222.237930069976 3458.440767424972 3710.420426256436
272 12983.322448374203 945.0521245800712 3265.031094472747 1638.5995678661916
273 40135.51153267431 16602.59359944612 1083.7565148855697 3944.122014501993
274 34955.73791630493 424.59890561831384 3533.3125105376475 1873.3556900263993
275 19598.189797332034 17084.080573644525 2970.6493291699444 1050.3375498013966
276 28039.956847599264 39227.04299509715 3467.9030263831214 855.3668339443182
277 46287.745181201324 23147.345413281557 630.9677536132263 1809.4160080340207
278 11482.077071151378 45454.72872884465 2710.401100524447 1798.5364103920479
279 18620.57260659636 19397.539494720273 1151.201714231282 2285.6162424698514
280 33004.52780523279 31767.108639950235 3921.5975192129285 3986.54769665447
281 12228.600370316597 24848.332676768467 3375.2016123654444 3279.2591190330563
282 27347.346901768582 15630.841358666527 2642.886949478271 3946.1896994703307
283 10127.74473279103 2792.4229877249977 1368.3958017128407 2037.8318811366426
284 41370.52288691981 12136.48762989658 2076.476837948536 552.5666598094946
285 7979.11325100638 45890.25932066745 1857.0254213135959 1622.5977619293003
286 33259.226810317916 27556.36672140489 1218.4558793390927 3336.542736194957
287 34064.093082175394 29504.62374847331 2646.079280026001 2395.2531132017416
288 45862.8611827501 27692.5436153757 2226.687961992413 2394.7314018078296
289 39327.631119493046 11373.039464657553 1847.5123321313995 1058.4606944385068
290 36735.508527344995 47890.76984516013 817.360111505478 2465.388052496189
291 36765.99282990336 22105.05583227862 1221.4522750325539 2988.0913259779504
292 16372.781904781992 39652.59076467169 1987.1110617853792 3621.485003465417
293 31.243107642045636 30184.768865908045 3865.022535272847 3407.0459360206632
294 20072.84955511767 49575.85361270161 549.6962628704821 4000.449961978907
295 26320.51032041581 11525.142752419211 2255.8911273238373 1645.63429581204
296 15871.682564057908 1788.6675013416868 765.4665412936307 1492.228584189677
297 39400.30719157173 42906.714668786815 2247.176296177661 1061.7072105753296
298 5358.071945202932 3922.064425805359 1580.9239190922958 1165.0862908500526
299 45591.167405693086 3329.321504929407 572.0375519663154 663.9198154015826
300 20926.488400491377 12153.535770330564 3386.1360782277534 3586.943211197362
301 7094.930307397635 34389.81650631946 1722.1918349248049 4150.86294582757
302 21489.38749548907 49050.43427281885 1869.8740858420451 2532.341372210195
303 37255.9985607794 28912.01199783567 3243.387549915813 665.8968000221362
304 2543.205823412578 37424.56379046611 971.574928781529 3378.5683958879404
305 42226.478609876736 41002.39920715162 774.0424907255449 1421.4791988298498
306 37947.94639966968 25915.712099912027 1941.9175052108708 997.5850043351359
307 26044.994832881293 1755.6234452630324 2044.036839169832 3640.3633267905243
308 47171.32722503256 37108.75317223318 1365.5592573648796 2287.833634940341
309 6449.843685341186 36392.593637136524 2356.2075258918094 2049.413937073452
310 20895.6056045851 46279.808189435826 3611.2254253500687 1326.8635591201394
311 15781.850476695721 2231.553984374722 3494.995102595527 2119.2356251676492
312 4100.461678713259 23100.584707470625 2694.710606056097 2757.7396463920295
313 40562.27661314943 28814.07240487293 2666.447085179693 2772.2243789323043
314 31161.231499763893 8755.144368119161 3281.9631114380886 1856.7984435729445
315 19859.409351342325 47652.78429659192 2346.575096871969 1067.8626124570087
316 28122.66965369505 38012.456705443445 3889.148078387334 2259.0058684566307
317 3686.6387937551895 7882.752272295455 3609.344259164526 2227.6622978837454
318 45995.0079388435 8244.085437514459 3379.3524353074226 2775.3821515038885
319 10354.76173267713 33256.269674670424 636.2024814068284 1046.8063430881289
320 33775.35499065663 30415.529744713993 2183.1572071310216 738.5157966164525
321 866.9994074623768 42118.59254227416 1388.1962435405753 955.6194230432023
322 20919.738861268408 37051.551011204356 1290.0954737694838 1319.5316537291721
323 27954.992426071716 41738.42301875024 2649.9211635492634 820.4306011746221
324 14819.437849976941 46585.9877754654 2127.0824662692094 2743.188992637756
325 12498.378717915593 31582.22966029662 2338.3073865477413 3781.4157685481905
326 1008.6073512214098 31166.915726760806 993.4345278553545 2617.1368070909216
327 17422.86024753905 41096.480538129814 2625.1649892942737 2774.560380415277
328 33997.96595071161 18120.67553326655 2339.9090124502814 1705.7946697541774
329 15317.126572774518 34095.77589489685 2254.998210548588 2594.522551680344
330 9140.33562934304 13742.91564015694 2565.4608264019535 2481.9260277036815
331 173.5874493183726 24229.40002925461 1102.7697255251608 1739.4646580597673
332 16139.884988491889 40143.03691032145 3431.813416213494 886.5707819361738
333 23778.408161643896 23660.62240026053 1617.1933333565394 4048.5742609060376
334 39770.94349176767 18878.449834097264 1183.840156441193 1996.9119389715902
335 17637.45813190832 20946.61110170863 3606.0487790004836 3129.7485492260366
336 15942.364625876284 22128.391840627508 2786.1612885241843 1422.3983489612363
337 49947.554239597266 3473.287585917257 1873.6483259057577 2389.05047789429
338 4901.285873613329 5619.143528534777 2073.3692901688337 949.5567054369692
339 8807.737647343072 45876.976485292376 539.0619149968775 2829.348604894976
340 7718.287683660638 16030.991871772325 933.384568963442 1200.1051049413668
341 32025.630120720998 38599.16239224713 3498.701420565683 1662.4267612063454
342 19776.58861187871 27759.437146070864 4062.736033623425 1209.0807676756187
343 44277.774323767546 47718.871399547126 2260.9578493654826 3908.5439037692236
344 33650.07930231126 10610.144453339537 2256.5408619857203 2957.6254833855855
345 32643.129048940547 38752.61806454818 2672.217529323796 3489.6936376586837
346 964.1446486858133 14212.971760110837 1094.9775657009898 1740.2452356356162
347 12280.946229813857 6860.8608631747165 2060.034822442303 1459.0916912986809
348 6556.68634171111 19586.371474756997 1571.4888401195099 1944.0465589379755
349 31858.3227702426 17397.58945031767 2138.0198054096563 3690.262498206022
350 11771.19114139839 42148.58158222921 1143.4396133216376 4124.718743262962
351 2313.5390799516686 8249.124606786208 3556.6641718605283 991.7030267615096
352 2667.9869936527903 7559.906121635935 3438.03247454545 1361.083750695871
353 1111.6339402045235 48003.627100833415 1530.6338284640606 1200.9743583447628
354 19079.690614946772 6962.958517868151 969.2556920222183 1201.3766366418897
355 12349.41956709964 26211.952790646534 1108.457215143622 796.2590524173427
356 24379.541713680243 31111.886507768064 3409.141067328206 1336.3583157041348
357 13794.590632765012 45855.13479059123 2672.0870180448483 1644.4206240946705
358 7868.357941474109 30199.015767736546 779.4764678472429 3603.4756170948363
359 45896.1960504143 21024.266009499006 2657.351661270219 2413.330049925162
360 12384.932373991378 14516.086226630923 2535.707829763999 912.8710408929842
361 8358.302486974995 32529.588706866143 3707.0190832459157 3413.122338378674
362 29672.092060359428 4622.707390290799 3417.0055006138027 1451.490812585713
363 30564.165369550814 30479.591973243074 719.2536952016159 2362.774205091682
364 39004.110791478335 17843.127521161718 2436.9773014798566 4133.144274868871
365 48942.777646540926 24609.869347189047 1308.3746862223306 4140.332395090563
366 38317.75001643352 33615.04677988843 3763.196711410976 2617.1826815910426
367 21455.260768255815 33032.06846160739 898.1241204656775 2287.846944454163
368 4975.449928956055 18421.563201414574 4117.8535078175655 3733.0596451555602
369 23187.973613658483 32479.32593743416 2701.9698383990453 1150.106331079301
370 13157.349218032523 18161.301498938625 1784.4512862231372 1345.110872032073
371 9186.6458735635 9358.342381945251 2978.6788600458062 3217.9087627722456
372 24072.78984332191 46700.016040014125 1855.4038578824238 3672.09465236256
373 18377.00727109991 30630.3035604685 3779.905934539537 990.0679059996355
374 49387.667423999344 35589.11991547477 3771.7455207618113 889.1042316275083
375 44198.85259960089 11156.161279465425 2977.824889563925 2599.5627767850638
376 34052.78922971486 12965.603841231312 3493.2667584768224 735.2603195572244
377 24898.009968328253 29529.920371197622 3999.6802186225923 880.6492910177924
378 45574.4250347237 13506.996471094819 748.1959391682235 4021.6649403305505
379 30335.363515311947 39992.4035589743 1554.0758211930306 4015.0495667450245
380 8022.752139757137 37842.62676753754 1685.230422338349 606.9470804345156
381 46234.866661167885 48625.97026955029 2933.71177919756 843.7320419734021
382 4726.705801362844 22262.41422756261 3584.9206199015866 1396.3477157457514
383 32877.7137485449 40173.43026169564 2521.7006960189733 2725.7251880626345
384 16887.93075129322 29946.97568633515 2167.3809411948773 2738.583220968866
385 2980.6326676251183 47485.23018060831 915.9167595142872 1401.1898497479601
386 38099.011055881885 47719.577242691994 3116.0457335495416 4137.5267200361795
387 23757.860219379243 36830.34018287127 4001.442388365613 1296.1930316929547
388 17316.660128044023 21175.16342423088 3774.5662191317465 1172.1858046759453
389 35948.313841177536 34053.46823230604 2553.5186222835773 816.1174052318052
390 49630.94204466891 9003.982705482429 2112.693053719394 528.7667974981784
391 41717.06296450199 34628.77322265016 1623.0187773765838 2055.9685193624023
392 13588.437065998683 34417.75367374885 3985.696181276676 2772.105571347024
393 23590.45857041334 32789.582827629405 4089.639189474242 692.723120620044
394 25321.31706820194 34226.39777772227 1196.0896689700903 1772.5742184665073
395 36020.96442088916 6062.664168782884 1797.6986381867387 4164.45523176561
396 38618.48580693401 40713.48745031145 539.8998366216526 1763.0651593996581
397 30323.823672283663 45471.539067161626 1671.68716421719 3470.900434762656
398 18127.61166527532 19281.269259174187 1277.730092454608 1818.463085988732
399 40789.824049126684 7979.134704508005 2027.8424511320463 1330.8343767890951
400 16468.436802779248 7361.317836978251 1303.8740349394784 3712.548262574056
401 9144.98337768881 977.7046794888395 1325.1537217782231 1253.4335830760388
402 15701.44860589323 14841.298846834801 2186.186447826268 1036.8584693234523
403 15167.5354066426 46915.42454813344 605.7445777513916 2671.935812499282
404 13226.717417403941 14213.45520292585 3200.768673289287 1495.7322016582502
405 17653.635395920355 17882.24040188548 1824.2316105943196 1288.5349383039816
406 37080.59620659541 21164.6315514995 1481.4503356366845 3915.901900337334
407 7028.823485839442 20777.66191303385 1432.2676667217902 1067.2345060661971
408 7770.451565216347 7350.099504452225 2348.20730869061 1618.0279033968159
409 18392.41668571683 18171.631712689872 2435.7868354096054 2989.9411451572023
410 8286.73682033746 7243.371219461111 2003.5911442882307 1275.3982186212852
411 32250.843766121936 38674.4884626055 711.5391766494037 2813.5542986097585
412 7861.375318607372 30081.715820031808 1577.395586076017 1493.4160311951432
413 45472.47929539437 47423.62772249206 885.7183343086378 3513.0858790058123
414 9062.128173631045 9125.17475007589 2147.658410016791 3426.92570319137
415 17446.815144942462 23649.394896147514 3075.7544551886376 1171.7091301935106
416 11324.09774820953 27753.08356680243 833.1472191699166 785.4965803721968
417 32692.85069066872 30022.39715460037 3331.1880229076583 1287.9783823263156
418 29983.89355400144 47034.077360355266 2173.4204832847004 711.5117178377016
419 9685.362415461912 48495.406790175206 3368.694340368477 2941.203489142026
420 15145.102958831361 4165.933077199254 696.319584996586 1659.799267505618
421 31566.499109541175 4949.518435863192 3687.7767916781027 4015.025871639817
422 17889.868500329834 10499.810992547289 1975.9131029201744 1550.5450568360707
423 23770.39806695427 45059.947593894256 2734.1211388146417 2623.7821519444606
424 15229.166686540382 42516.398326497336 2914.3202202466327 1562.2684343287783
425 17352.491062461086 18141.689650366898 690.4973835515083 2452.26185613208
426 24510.138359165187 32200.280703781376 2597.5085375413814 3964.190104693679
427 7169.059811254242 34848.928620021296 4016.9667835068326 2674.3916101429104
428 2938.274437849079 38070.30908262966 749.6617987038176 2380.2505374533575
429 35815.68030754978 7818.609390934487 3882.9281723721388 1266.3393802844066
430 43521.98398001046 42011.644224039184 4115.092569850864 3978.15311944453
431 32095.46066643319 41764.91122174531 3175.3683934880473 2258.143868252322
432 37300.31727647338 44232.37861900132 3336.7572140694288 1499.398353160832
433 29186.97623607932 48924.25523989152 2735.463739297132 3331.3141202821357
434 10110.463936807751 23817.999894522778 3028.9481465811655 3072.585811563076
435 31536.289374001353 36010.83783180535 3112.9372196438903 2739.5747198919275
436 19316.713885502428 21768.259291101433 960.5080773361151 1774.5889042348927
437 39363.1593620464 3347.7426730383045 2711.3904677415258 3039.8666190232466
438 18673.58142469222 23956.47879103047 2229.4797400123143 4070.6366434708293
439 19526.18123779965 33547.015189016405 3272.381432925559 2956.0850506230477
440 5987.203028080952 33791.765090927925 879.9789539719883 2823.3639245094687
441 47772.021231298604 1718.703027602858 1150.6925861364532 2412.65260806992
442 26723.96139016996 13686.426045047137 2288.419423715203 2038.7610990568169
443 10521.700736351637 29660.116222020348 3888.4195649804547 3066.992924415825
444 1308.892839978931 38588.23595498866 1264.3346039731905 2545.1518294355933
445 568.2499814831257 4151.375199408339 1072.2735331581691 847.2694253644353
446 34784.56471035825 38556.12853324103 2188.4336918816703 3487.093120277928
447 42287.86630476525 30773.786041763855 1469.4298261110926 3042.719779749161
448 45046.351748425455 5949.71456553955 859.0690243932333 2240.574332657463
449 14875.748466154739 49489.141326253484 3310.780732937236 1053.1710747356274
450 17630.88018920406 19436.70086150235 3967.06235656726 836.5854517867558
451 22186.711147866557 39688.79191352637 772.1537348058525 1424.1369772476046
452 1571.069668826889 21226.152390730127 1671.2288990244238 3999.0890806592506
453 15315.797548544537 31093.101352313683 1547.9148219362623 2133.226436530408
454 37100.457947207295 37397.83745250221 641.5462902550511 1551.3944872011652
455 24538.653176149917 19706.17954463149 2512.356363273162 556.993169887736
456 49610.17884635352 48992.44840568016 3081.6979335576407 1416.158992388265
457 42457.475599014906 11999.976921751659 1436.0741777225464 4140.749832920262
458 5659.999376645382 19732.227666078492 2713.015979691172 538.2841930953925
459 29426.70237537218 33430.20481625685 3287.0582725595764 3132.367328923054
460 8417.986185934493 8309.700240213908 676.777054509505 814.1388761597532
461 2918.339585814449 170.35006261834465 1328.2787082391337 3254.0914962765214
462 33284.807241658906 7832.970889120003 1393.770483769501 3436.6634910861376
463 26155.27006432318 36952.14825806062 2827.2181171502193 3366.327992239418
464 47956.35863384656 10885.447111060008 3842.2106298960043 4104.874680639989
465 25073.85010574326 20804.02460725849 619.4248215844325 2831.66443031233
466 33532.76648883843 44223.95949071789 2342.4425541397586 4050.2218959418997
467 30642.651053921272 27845.465112048554 931.957290169003 1927.8022050147388
468 7338.730401536442 31178.73125234973 3412.4721884776086 4008.7953234977435
469 9543.457108175964 9252.482964153245 2908.494959413728 2626.9815377221394
470 40819.938751792215 1724.1213563063723 2710.797845149166 3174.644803643464
471 1963.609734823934 31492.168012498398 3420.440309723065 2819.799319803928
472 44163.76071275238 49129.17228468539 1917.9930205060714 2316.8489344299755
473 6557.63533431876 23724.12366382174 1336.091425582643 1005.0413650097705
474 8766.646119824809 21491.339361181446 2594.6250352590278 3440.0377802197763
475 35957.38403286271 17867.425772996008 1215.8698321995905 3425.7500549869305
476 43985.41085248047 38258.402815018206 775.4872196124918 2541.6651644491308
477 33384.059477847084 16036.320666902957 2365.911929050127 897.3669619405557
478 38077.07373819387 39364.816199429835 1654.540949274326 2542.376014900652
479 47098.92878255857 36129.118535271744 4158.57575221725 3883.3321903248516
480 32981.498449409606 30388.49783288 3989.339407764219 2891.474683949822
481 15553.03640173777 17217.99326569409 3732.446558768072 712.695809336131
482 4660.814139997368 15805.033649927334 810.5432513351698 3779.4423479190336
483 39941.215213200856 21418.801727132857 1350.221113434402 2446.06492419062
484 844.2666635258039 23704.34264573506 1368.650232822884 1135.3434760172267
485 510.64901220715944 25757.01743847721 2079.295053809006 2900.2522389081687
486 16276.529230724636 13210.820016773692 2684.7083117222915 3807.106482833942
487 38650.21471923044 49454.1273513763 636.2685763332197 3462.0607232007624
488 16444.226804617465 1667.5903539355702 3745.235408348762 2032.854352269304
489 6074.435304123021 36209.35424316247 1154.5601530930999 3263.675452259889
490 8154.147666624695 3592.390718487843 2657.151692335004 748.3789523826263
491 14898.664509458442 19400.939277185244 4083.80399897457 1933.642385211651
492 35213.927710674085 49646.404816459966 2632.3021152300657 1967.3071905696497
493 44999.7109749484 28985.8091060342 4029.425622264141 2251.2200044198657
494 20942.067577670765 28681.693954265134 3796.9696675677396 1317.5770457242234
495 2660.0345648391544 12209.947830254072 2216.24512367035 2491.112611915122
496 23041.04208169808 37856.55914310872 3171.9347561419704 2867.8924179365463
497 38961.90799314241 42866.36468419544 2400.7276681665057 2910.7399413814205
498 31264.667827975958 898.112234076401 2754.5936653130034 2762.112685043889
499 5348.438226038417 41662.445853957106 3122.6151546999117 3383.1084600509157
500 32694.38414472283 13375.8862038164 547.3654596771153 4032.6785824042777
501 29785.270723808102 42060.090272664296 1536.5008604284117 1586.3088849194196
502 2375.976787413509 38451.47894108551 2065.7654069579044 2060.4699287278813
503 16821.681039761184 14350.477299758537 2287.8467040465603 997.9662929327976
504 37450.34989856817 30356.12372683248 2752.41276744642 3921.4750136821463
505 16686.781279348328 1454.3368235139246 4004.0269331824625 3883.0365120959664
506 12308.961179322303 46072.214439989286 2815.2665039794942 755.6985271004355
507 14970.667607085474 10781.45365984886 729.717295973245 4081.9813681996916
508 11042.368195291829 13728.905764077943 1821.9919968220079 3076.6964719735197
509 30928.437094557135 9249.428795758842 3327.11319720848 3976.300835633364
510 4604.97144729653 21621.3791445692 3067.1650083697036 3809.962326229042
511 5535.949503818434 4542.413464283244 1495.1972635529942 3724.0063309754096
512 46555.00735694112 34764.91448994889 1974.3901445806887 3548.489204879265
513 38834.87358380084 48998.279708545466 540.5830949631111 4110.757188117003
514 31758.814255290636 23574.595108203503 3889.731740451266 999.2671407699428
515 27745.052626347366 14118.672685318183 3760.3781579306283 3403.0777605638445
516 29143.267353537776 40503.89612666259 773.617677492848 3442.9647333628723
517 8635.847015397252 43083.2291092907 808.49553276748 2369.9321176139138
518 34563.80589370332 3603.2770816103534 3354.156725816386 1935.8086862117852
519 22443.412652707215 15165.68358271917 3771.598352144658 3528.0427285306478
520 47226.02521112386 3247.6267018637886 1376.063404509735 1899.9995896059959
521 38380.02476745305 1646.9042543992684 1699.450934925016 2033.7375676495635
522 24190.835560444033 12836.356729145005 3745.1432624617228 3786.635854249902
523 20594.3167717153 943.3500962700535 4155.599153485646 3119.831262391807
524 39077.26847647687 28100.943834200243 2672.37917929785 951.3821645644275
525 15399.700172816832 41150.24167526272 3566.607849453831 3795.8494222816216
526 48127.879448052496 41413.437928544 2084.3884588003243 3137.0094950303333
527 44785.38100266359 9626.763036059732 2548.957756780324 792.1549206095667
528 41288.855069523146 24358.6002309612 3130.9648497693424 784.7573730347895
529 39847.1244706045 5610.600366331157 1672.5377201486817 1977.7820659712975
530 30402.16080687621 26612.182375437023 4086.722348242695 4164.438167158398
531 40197.78109920382 45272.192191208764 1494.9365457736528 3573.3361926041252
532 40920.735793234024 15347.842215426515 3429.488857132556 1577.9684911154895
533 10096.083612511422 21003.912700614215 1919.98882635086 2212.7325474365034
534 26557.43711485128 14614.4171831608 3806.565352027628 1357.9422553786667
535 2137.006897583535 39930.24572889409 941.6215411106953 2398.785325601257
536 1650.8186117615826 9785.417219366627 4123.392560858454 1189.1530350382768
537 47398.386172661914 9040.247953786497 1863.4742662729182 2746.367191995968
538 37350.76261681084 13575.748764412034 3786.9880688795333 3569.196505696038
539 38310.043733222774 45804.37615211781 1329.0325307350936 943.2381102401922
540 23691.95826185511 15962.80234187726 3275.009859599479 2329.2216072329975
541 49905.62005212001 49221.97327234447 1729.9048612862439 1389.9920174537842
542 34560.30840715846 31148.14671715393 888.5868874688791 3199.2199329457317
543 3898.360883134879 3601.080065704273 3838.1952703343154 4160.718968035436
544 730.0919063087464 25460.58104528337 4148.2449010115515 1003.7709738836944
545 11373.1648765028 34770.12060232482 1035.2687395140617 731.5581723743005
546 30632.174531136567 38441.81237400492 2855.9033981985117 709.3367462124781
547 39655.42784545704 29200.29734337914 3274.6699635019986 1438.5239987413552
548 3645.1489370270037 37254.09101930238 2223.608264709053 1139.0258623681598
549 21832.91091157855 29738.76896164297 1334.9427801178995 4134.506710878193
550 19990.288787556798 4976.5162699110215 3444.449846678717 1681.40756397846
551 9693.5057053958 44241.65443658696 2916.708830965255 1403.577317384642
552 7387.640065134922 11157.847171613552 3271.928276484175 1297.9518709457238
553 44660.07288465035 10030.608783724037 3243.901942696564 3285.3048945342393
554 37036.30860677824 45481.21795901071 1850.0611179244765 1388.187190048594
555 38695.909779271344 17370.4669494702 3669.233517089601 883.9081780187344
556 40154.74898742795 40051.72009402723 1833.3962148448682 1325.5525252186842
557 5817.813375858984 38095.50526075458 2032.1849874041554 3770.717248031097
558 23217.265213955594 6503.694673032942 3495.229396004591 1265.96130010472
559 8655.885930374554 18111.192030706814 3636.167772988913 2951.540944619957
560 43643.72562995777 4861.661808285721 3068.4619640073115 706.097776577188
561 23191.73640988557 16486.11800305869 1180.7842352607481 1246.6210660507513
562 32820.49533159552 4297.593423034099 2079.384580147961 2967.8929398060977
563 8341.249748456972 30094.83889149767 2842.4403747300726 2142.7465377411486
564 21454.6573846246 33402.38228070421 2054.0643229974276 1910.7634403961715
565 48551.39416170911 17771.113916913833 3705.3338657099043 3702.347284786103
566 850.0980926202085 5426.610944289884 3001.510788422483 2571.5912846381616
567 33583.21882982867 25865.268808409106 3465.052669404962 1151.5840052932754
568 34533.33061048032 11299.892204911113 3895.841282156207 1291.3303572257873
569 40785.16633526291 47668.5134339216 1452.8741106226798 1503.8575363928644
570 9077.563516473238 7442.195971971855 2837.5187872087363 3909.16925538324
571 29634.645142178713 29821.546960148586 3308.9437267398266 842.0983839279604
572 44770.31696052358 11997.712527348023 2635.6465363867255 2458.615022733823
573 26095.703372453412 7823.585768447849 2261.278775219111 2295.3796627087886
574 11286.269035431795 13753.11731679405 1135.8307394146345 2526.936055263978
575 21835.051628012927 1074.4084956932697 2799.7335890281397 1968.7354230834899
576 21317.12157036311 6473.951856255205 1028.3280759172594 1029.2378356420459
577 10830.482821593652 41913.70174784347 2578.9520807812837 621.1759332819167
578 23099.476218931228 14060.359158232948 844.855661219708 4149.40646385677
579 23479.980957243024 2613.008247252969 1292.9994648224942 2975.4638599996265
580 7053.824710675617 34656.176355144074 3131.6842830465803 4117.962041447864
581 42081.92715414166 34808.03336855222 2939.9070809674436 1987.0907265590317
582 8568.231240259533 39162.49262181097 2655.4268414700928 2832.5456830175
583 6083.543521589911 3965.103962126719 3991.3246738752873 3622.1711563894273
584 37486.35436451118 2943.5907025812303 790.3350688999449 3378.787581671592
585 27693.088701224668 15885.06380835754 1334.8822649256217 2890.18577029989
586 34027.56832720916 41484.436593679566 844.6629405841152 2246.89122637516
587 24687.619860126197 48149.96667782127 2688.172676302596 860.6158042921853
588 12160.241855991622 24653.798473536375 1365.211212148145 3987.5358026049257
589 41839.65746076791 43719.95104662883 2758.2711515875963 2131.3312603312206
590 26747.747236568728 32904.9670134871 2337.0677442144424 1019.9261795665711
591 31370.73824460228 6350.199178421639 533.1441091939481 914.2300215099256
592 35609.55193059755 49977.761742973555 1771.8949708817663 2385.5127982194094
593 44299.752379999496 23347.554695510524 1213.5069617486884 3559.239711443992
594 39302.06565242212 42470.26129420435 2767.155357429683 3618.5251753821503
595 29583.23461778554 11141.002700268004 1427.5301952175569 2773.826854958585
596 29545.900710888174 6381.5163813348445 3365.914977486242 3838.5346169240106
597 1098.3142722277917 35614.3814264388 798.6504912124778 2262.3003496144024
598 37765.50885580456 38837.44334842321 3297.023256478497 1424.7784712877285
599 24509.994349053326 49345.121455759756 1158.7022481869883 3902.1155693451065
600 7428.020250402436 10023.442707358732 2635.8860824938256 784.1820035104781
601 13128.674649659617 44152.860858027445 3840.4200395926 3078.4296241854545
602 25547.308498348226 43735.640850349424 3509.609471277099 3743.5973541416333
603 39901.79974776183 46726.663724580125 3006.083499034785 2474.9253868937694
604 17206.08505336916 44593.50449941004 4027.9497474334767 2867.4354762021753
605 45038.30723101026 45084.401328393404 2710.1763866619563 546.7809420501123
606 39684.15797135726 26418.98740857667 1392.898296009711 805.7054317716545
607 42859.48186891167 46707.646899509404 3497.9243973923303 4119.2461930042955
608 43360.65426196427 6919.884189409656 895.1179368566218 2646.1846241611993
609 35575.241093668956 23621.146090459555 3451.023841456827 2942.378559230337
610 26050.146152879064 33416.30997704679 2796.5840733206105 1567.4743036937089
611 16848.2054230256 42298.26724609552 3757.0095689376276 875.3386209072405
612 15108.626327213165 25776.861926987254 1948.2135768745743 3174.7329337405863
613 12098.126141348235 3296.0194885371543 3084.7409845996403 2441.1657453062235
614 28539.19731959022 45237.888830889715 3783.8648289431258 1051.2443240587745
615 38489.462006724214 40638.304302865356 1909.7100329752548 3855.089925970697
616 23812.646620707717 2998.220872197318 2873.8126837331033 2694.350920426707
617 48682.382977005 28968.77346481938 896.1794430175264 4164.218569904854
618 32097.675510437257 29980.12296013275 1013.1446480457058 837.1945435836094
619 27332.71245159659 42049.25411827048 2021.1165833350115 1020.6657041776386
620 45760.99565946301 3316.5024462292035 2779.952532863224 3662.5333983208147
621 20695.76733761716 44844.15738102865 2496.46115425833 589.9171232434687
622 14392.626405047542 33281.15621491157 2182.0041313577685 2156.0689902756326
623 35804.07800688935 49685.85746664326 2782.334444508811 2340.842555596854
624 23416.17787121455 9125.37700475492 2214.0100314971296 4078.634019193604
625 34931.39850225674 16259.548404273344 3042.645010771547 1702.0580119959218
626 9184.662710544757 11065.254889832264 3866.1729776502275 1423.2477857435956
627 3964.1685290667274 34525.003814400035 2979.2290929186897 3470.305374204028
628 30406.857177521815 20656.10676196565 1698.855513708531 788.2024209705997
629 14763.394666438313 32906.632503646884 1839.9844714127134 1198.5987368646006
630 11245.965663636773 13210.947999415026 3416.6887593214997 677.3793419218684
631 14283.116636236575 18309.32117678102 3295.12694388983 2560.265088412983
632 11289.853900024633 34399.205470153734 3243.6601191567975 3350.1736809239114
633 43696.28399716633 14722.797923137066 528.8638755150162 2569.970843753057
634 46096.7131009768 8398.339155865384 1913.3578433259058 1011.7215792821908
635 15353.624272222185 9279.83475006992 1749.9243182444125 1808.0841905369948
636 34769.786046207664 48095.238636217924 3600.6643638570504 3968.5912571049016
637 39257.78924510616 5975.796759164731 2417.2496258175356 2530.8488362478843
638 43217.600242740846 15752.071233463328 790.2970329262206 915.8637329993703
639 29975.899591094545 32802.59388408351 3744.742816548519 2002.1970273652623
640 48903.48101906219 25757.19026813389 3782.245374413567 3031.0171759764607
641 47840.570079416546 15789.918541743904 3443.7093618612457 1241.5384575405503
642 31420.03456545946 19749.462276213282 2028.2729536102147 1903.0991456603806
643 19304.913838871682 39916.90854115866 4038.5812180280855 1376.1631254698555
644 34991.99107643873 28205.20033429851 2841.0604083882436 2079.2588115284466
645 8280.386493408196 7907.5249184687145 845.6043748622062 1708.2510717623331
646 43695.96925786038 39473.46008362301 3912.5927756410956 1692.9310075076073
647 40456.157428798026 37321.7741521923 3781.7587652446714 4069.8846794483875
648 1212.654904886604 43576.949109638124 3631.615532257119 2521.0092275820716
649 48179.46463697786 10291.620344690393 1930.2260737980573 1836.1599371637344
650 570.2184082378559 38278.392352898394 3845.362347178404 3494.4278043476806
651 16230.748152964958 25676.059761279263 1682.7903572493155 1081.825227372659
652 38149.16926052161 42883.30078130898 3610.0102625799236 2318.4350660584146
653 21262.291277580964 25567.77861533682 3863.1076142104016 3833.5137299931466
654 34926.67954007074 7042.131258167465 3377.085108831481 3580.608464335842
655 8601.079283952413 49828.83893273289 2987.3197148134245 2465.4583796663383
656 43894.18970274396 534.233397171301 1039.434065903598 1655.868919027398
657 3474.2673369218837 17691.856428711497 2054.1477962782965 1370.7563706443475
658 27763.080214002624 21338.448021367418 2459.3510312129833 3588.9750687571645
659 41926.11480419795 20749.702457551928 2852.129211087263 2636.2309575302693
660 899.0459579646116 42953.80463458481 805.6166291259481 717.8322570257117
661 49079.1168724907 9885.930817233584 1132.2758622601189 1748.0267000935114
662 9823.921646464643 7850.969680021549 1648.5197951502732 2364.1537527621804
663 18125.898336453436 30169.926415454593 2387.64151487787 630.9128967904687
664 44815.907031477705 32523.006501333788 602.7495181269597 683.2432139332194
665 19066.216424988226 8485.196068407311 2619.7581376437174 2410.256785900346
666 12167.939739488113 23805.508493610774 640.0676792946972 1283.3211605574672
667 41434.31495669911 25015.887208086107 898.8221518279784 2132.8969761202875
668 37428.40501980385 46646.85747729094 1268.435875879422 3488.5850675170195
669 46900.52112520674 1291.3880593728416 3878.516485759455 3149.856177510394
670 30588.635740807582 7891.597500064686 2060.430682456483 4056.892398926247
671 28791.389946325125 39274.07202351099 4027.5915379645107 2787.49581629431
672 29095.80986241358 14819.48289686217 1749.919943573746 3927.441615138133
673 12703.241619097855 17882.000727455714 2636.3390048038577 3739.7690064344133
674 20185.16883178559 48946.75871319231 3798.078379680442 3964.576451652952
675 20043.554335950004 692.473266988196 1107.2322933182186 2844.922405959082
676 41089.91216468614 22189.200267970915 2562.655317388268 2552.737586686914
677 7715.902038928095 31392.806521528826 3852.266044641938 2150.7053815768472
678 38588.22209462005 45203.98637824256 4096.715273058333 970.7895787678176
679 25871.695771580587 45710.27676601532 1464.4870675901523 3975.529333767402
680 24618.558661526604 42287.28117114969 1387.854340823028 2023.041480480313
681 20962.353715549187 33336.62054337429 1820.4931247335908 1607.7146375089806
682 18960.916578311153 11417.004745986236 3498.0544491202495 1438.2476623372586
683 23991.422962800767 17750.62699637017 2024.9838923973502 3765.1537221358776
684 21463.726778986966 12716.325679782842 3177.7815595452303 2079.0235469195222
685 32807.1449474483 2692.8515090261226 2751.822125144219 2754.2133827481844
686 12402.212311315508 2465.6119850479727 3116.0176774093575 1583.5734115768364
687 28032.390110935103 48524.07561685735 2515.9185588857 2493.202911790489
688 3570.914827091926 8495.654477394108 2686.4568925714175 2934.6699012647778
689 27027.918262649782 34711.070098278884 1646.4177235600655 3034.472636148297
690 25123.44143380793 12650.421282745736 4042.4292368754004 2314.3411150814973
691 46182.588596931426 3865.1520154369955 2712.414722518644 2595.005159693816
692 1250.9921299226435 29529.86878222768 2833.8995014102716 686.6364969370719
693 27496.19997402165 42191.53275815391 753.5102499452838 4094.6057384538626
694 37129.38116968593 30429.36554415166 1130.0538617731786 3541.6339865049563
695 43335.323577463445 46584.06197792158 1378.443028640097 3318.6750265656387
696 25599.55961642488 48236.3655825564 1341.0215740697913 1572.8817848275544
697 11607.03733297774 47003.503234998825 2374.9132517205744 3142.512787475525
698 33428.15837242805 833.165838909764 1726.5087480147522 2689.2146448385215
699 14503.990138831956 16136.271201922096 757.3636172688717 3510.7525526100217
700 5524.483534571298 22142.183029771746 544.6217454260553 1029.1391555515213
701 21321.1298117648 16055.094623523 3957.8308828355985 3559.1354121354816
702 10726.858140146494 9888.30601700296 2860.3198536955897 1843.4856922260446
703 31213.91466896193 5016.700986350796 2952.2583667231916 627.3406676680418
704 3484.1533475815163 15781.10452715457 3401.7029788515224 2271.78928701852
705 38201.77281500815 17256.023419085468 3799.6646297481734 3991.0735408478386
706 18305.191473292187 11115.498204222113 2680.8568345768667 3207.5685251882464
707 45890.62602619247 26209.149071232747 3304.296217285271 893.8262948357067
708 15180.404168958874 7276.8972056200855 1029.2152310138406 3524.4963072517835
709 17008.100856442717 47738.53401163605 1623.78246558294 3684.3009277994383
710 40531.81234029403 6037.161323016796 1129.868759723061 3400.1434338960016
711 7376.887667908557 43662.01667318141 1006.5182493061202 873.5349719092092
712 38447.662581291384 49717.43842038499 1482.5678111981283 1858.116891681193
713 47451.70748852483 5995.268567970754 3316.874941358785 1709.8435368288247
714 30641.580020220434 42895.407228391945 2886.9545635066825 1777.6101473071603
715 35714.19749823632 21677.0124711088 592.950286901957 3538.6178414978363
716 20960.842510084374 30539.989626120245 684.5930730762618 2175.213198930055
717 1742.1499373393806 33929.91588131218 3396.334023201932 2768.700398984475
718 4840.5442359982635 19459.96867956556 3548.8826063623833 2836.4532654328154
719 44698.58734805079 13169.599118395165 3013.5703175596136 828.9557646353627
720 1270.29590142247 49431.987745164035 2782.8113249678163 1134.1334780354807
721 44295.680798860885 29525.626398456207 2798.3760691681855 3097.6989975681863
722 26866.12427771374 36669.734234035015 3823.5081626135793 3943.1363406438445
723 15221.354159836928 17960.83916722321 3436.7891177090273 2103.561533152659
724 16931.183194435293 23007.35582171249 2205.4148893904985 3202.4443473577376
725 9784.431902497705 45848.67225098527 1687.7469326960086 1899.8235891908098
726 23551.244338098575 19463.125987784246 604.1466543181111 2908.726185378853
727 33502.395429199685 39668.333482220216 4111.648929388017 2863.500645749875
728 7764.435106087187 25696.132648561794 1732.7167042174747 3348.7834190030794
729 35244.177202005136 15244.842144430504 2417.640974973568 2624.9448072989826
730 25853.93446867562 40861.961883111646 2973.2529367544034 876.8597687943766
731 6410.306172269741 26649.51628556795 1402.0615590726698 590.7419081661865
732 42405.7773768235 2392.375019655192 1623.9701657724172 3608.0263839356985
733 30477.781221989168 815.4076397587128 3173.809405713974 2849.4497100902504
734 36870.47580018875 26981.300060987684 1191.6758993793642 3375.5798490373727
735 22474.8475740744 33164.80934465666 1110.8246988812766 3998.080232757439
736 14521.559582811107 26211.746445787026 2125.3793722636606 2333.594228905623
737 23055.263657768406 4671.178546904501 2057.4385670871366 2329.8019916542576
738 29523.543334049147 28781.15732128707 1043.8917585120166 2893.724903996194
739 26420.4447690547 4264.175694359772 3773.7568671053145 1245.1208895806635
740 39029.50269826824 42888.28844084038 3517.732290218057 2018.4593609469916
741 17555.582675384903 15458.573718490516 1114.8089349274328 1886.1850665376828
742 34883.561258742906 734.9061897202714 3472.4708724311754 1405.641593619825
743 45629.07978952923 25114.16310923082 2839.40301637704 1676.6406286474394
744 4799.679345858369 31879.583809128384 3577.2427084715728 2487.683767079488
745 13387.486891094879 19615.933165159022 1423.7614299140873 3157.872490166152
746 7116.306610089476 2752.6378960073616 3158.130541637355 4113.859178195879
747 11311.792069056497 12894.135141896993 995.8072365765559 3756.9711404459254
748 18941.025070070435 7008.409576891409 652.4125724459894 2086.3938438769896
749 30359.157591394767 27960.921669259496 1091.258967664432 3997.3514375539326
750 31109.819418651172 7754.622326424005 2591.2681339570595 998.4718798032824
751 17915.928848384636 19534.244044017727 2437.558013477922 1716.574367010819
752 3276.673850629201 28564.697697157208 2106.3226882037616 1529.325120584721
753 25833.871112127566 37697.22272715336 710.3983677447811 2340.4904856358007
754 2223.7280231872746 15264.830583442576 753.7300695701791 3821.779998425288
755 24596.447541626065 34711.85201503194 2477.184999734806 2808.95756002377
756 10186.135529419125 49834.08166013679 1283.9145504306248 1976.4582740255369
757 21009.789285208128 45554.5799274731 3400.750617250201 2843.628005435028
758 39032.14272055417 20638.544629410375 3768.785309828266 557.2102602194464
759 40301.93201943429 3221.6269085920644 1553.3181859132333 2547.8040232293397
760 8349.62917138164 29440.79512672722 2637.972080909458 940.7742505188512
761 41207.70066466146 26530.07426798202 2777.913467169972 2129.918555230416
762 3529.8694479395817 47489.55197191754 3393.1983719531145 3916.6275240254076
763 19436.06216638748 37340.04888093319 3713.557088802586 3308.71034522624
764 47371.10712853559 34035.02969604858 1883.6008160664474 1193.961369630912
765 43322.706076540686 20301.647129010915 4004.13786239126 3995.524122970984
766 45130.49303523036 17524.51709328577 1414.612216403129 3880.207956825331
767 27467.308741830195 398.24542980542657 1072.1159478017398 3990.8596244275886
768 24010.95772483603 12450.828346990353 2572.431520401364 2869.638212419202
769 18202.077862685943 16112.153535423495 3844.930402001684 1789.0298036417853
770 9994.010625379344 22123.453508983635 1788.0497133837894 3150.7125116755483
771 17824.623100154466 42702.49317631544 3558.937255765479 644.9842945306456
772 5562.557744026353 960.026648193776 1089.566062008668 3684.9945974774296
773 11155.97806690043 12580.970546948101 1022.0188093500699 3526.0465499270404
774 46202.87067504541 39224.352073150476 3169.094337997753 3143.6919714122155
775 47810.70268202621 22151.160210422397 2477.0147981791783 2279.5106562612714
776 39280.010589993115 30912.157339479698 823.9306610729768 2128.970917955569
777 20681.241104267745 34220.33112468157 818.6583173116442 1629.4988667780622
778 10904.744866909416 47005.38369688033 1304.8610817773083 2299.178381118164
779 25935.155153581192 29128.141185189306 798.4581168873542 3305.887312785302
780 46957.98020239467 33437.38423026347 4067.9853535912353 2449.713960473733
781 5981.97395835475 46584.76639932735 3550.5983682442125 1246.0302679316837
782 21770.06014310307 28531.477815282822 1784.1103662444607 4109.245312385645
783 38660.312508735864 35674.478268688064 3820.2589751695423 2767.4727124095775
784 681.909688025068 18292.147744186237 2681.794847303978 1015.0888963023928
785 28643.905264765508 13343.79682117112 3450.268758877989 1751.7186195615068
786 14529.211516955387 23285.272121241018 4086.752079618766 2875.3440111461064
787 8548.391762487954 45372.85534539401 1687.0495723560075 1988.7155499204623
788 20362.784908396916 8438.652462057722 2498.2996363073785 1801.4927714306773
789 23819.304547564403 39371.99022061567 1844.0442550077796 3100.46695382061
790 43239.16954520755 40103.33771360531 2753.342105046245 1480.3224229572604
791 10164.68475225571 12802.950757023382 569.1519145875628 3690.6220144800163
792 37798.70414501381 21658.93516727812 2391.537040242142 1078.5256655671124
793 41395.582138434016 39148.92510144777 2014.9103386084766 540.7288566042922
794 47096.93412687452 44447.212543944224 1345.5566012828713 1816.5831436182361
795 13145.929406293699 8635.371733298072 873.003449182943 3557.8263569518513
796 970.5388259655407 28772.48414640465 3391.678020060163 1425.0737394632429
797 21159.652183145034 18433.365661378397 3111.279301419395 2976.7509128386178
798 43919.571997643034 38734.989799915085 3557.1567213153508 2101.051623858109
799 6009.95259982551 39416.541279501056 3690.703010096811 2600.291185170695
800 24098.295513931316 27666.690609592766 4047.3160124993897 3068.91976774404
801 327.8654677725776 1576.8438576509498 1281.8543614415885 2529.9908655339204
802 2465.910841926297 25441.84134566264 3143.7297889516926 1650.485762101206
803 23684.01058984536 28594.9201595974 1678.468484605124 1666.6395939829517
804 22878.08159663671 10830.644385196447 3374.891795687018 1917.0538176740079
805 22957.204583529954 9733.962582161132 2721.345864611698 2713.229555032149
806 40638.34413381938 6575.805150166214 3622.3690616116896 2188.004518401427
807 16719.06629721307 23007.509760411725 724.5739648000946 816.7692607311863
808 36032.39905308685 43022.98059158718 1143.7114268465475 1157.1348483729716
809 12178.677874039027 43561.98291327615 2281.2193737279613 1531.7624513443702
810 37885.34407930054 47598.6377292757 2208.3240055385704 2239.197904135814
811 13362.825154274244 27577.002069344784 565.7485702213824 3940.6782356088033
812 4535.252221040249 15167.042174737831 3319.3294835928496 3410.983257454183
813 12691.592403945564 42718.969948589736 2250.950269804894 1429.7386588392765
814 41800.60629496615 8300.288450529253 1937.8554149564775 2030.9140172940401
815 24089.841346352638 8629.995950545343 1574.1253526896398 3519.2112374929766
816 8726.643967062491 13214.633350814789 3233.4636626086044 3841.5530687659993
817 9705.250171878743 2036.1541522892753 3215.6672291171067 2444.2116874628996
818 19609.489372615724 13925.220955192905 4160.078839862256 1168.3209117507577
819 40344.77723538125 21823.46833167715 4068.37121487118 3045.142712023175
820 30258.996728375943 40921.98515670491 3805.310266024081 2109.476182459866
821 1111.4104368207768 26604.76157400936 3375.161923198679 3846.676743272841
822 21596.010400678366 2254.0262254916556 1570.6697969365368 3471.4217850264813
823 1711.327075515808 16600.511225388324 2162.9341464336667 3321.3133593973475
824 38229.47254404983 3640.4698004888037 1111.0174731170628 3666.0830726058202
825 9278.188456545218 32822.022758145074 3324.031462191013 1005.2317075327444
826 45297.47605062974 8395.213611763014 2365.727879368293 2079.4170953644816
827 43276.64251575835 28723.68406774939 681.1604531303119 2242.8319228827204
828 17852.523053333483 19107.563855720742 2346.7216324470232 2290.3297760530645
829 7359.152195940659 13535.004252918967 4084.382788711825 957.1451270050568
830 21496.372806667485 26599.873361360864 2302.978314282994 580.5175533441941
831 10577.524542734309 6207.672798646293 2175.3111170076304 2395.901995745169
832 39186.78903059775 29179.961413818244 3427.4741840646316 2971.0145652995466
833 14522.845699536056 18792.332080776312 2520.4322535579804 1841.7726092960634
834 46681.50986556219 42680.02638716906 2876.6543076683797 1507.0311432266367
835 15956.901568543053 31965.050918237077 1800.9739972310708 2163.163735886314
836 15231.863383801172 17327.83746278905 3288.308178372024 3838.994785324162
837 2772.956342146307 14639.089938767665 863.0039899866025 2374.01284006342
838 36294.668717323344 14585.323185984253 2584.712720575427 1025.9919378630682
839 12195.085367024914 26293.217698601584 1421.781656154993 2313.2973616702984
840 9052.277998632526 43024.646707357075 3130.9420721133883 3003.3978027949465
841 36677.44492238763 8577.370944438384 3858.9795392204755 2990.813343667188
842 34981.12333900779 12736.29438422591 1559.8214623024355 2596.158147737575
843 8829.118950194039 41353.80071505806 2827.5516967539456 1445.651550827122
844 21171.665845189993 14443.844784381588 1522.094825021803 668.7666765436076
845 37544.00955534678 39880.93051905497 1125.782813898195 2226.419733859927
846 13164.094288188615 321.91380816768276 1905.0084284650925 2021.1514047128694
847 17724.237752807698 18078.086542723606 3468.961515453251 3766.9434273125307
848 43401.99578707059 13012.774967858646 2028.4327413674278 2124.960932849036
849 20253.658062668055 4683.504149469689 2760.5302740947295 3528.13949686699
850 15372.662839307359 44833.093887315306 571.1446127831763 2056.812678295004
851 20224.822053797194 11782.882066585471 3307.047196794564 2123.598834842814
852 47475.67810648715 6885.71093754673 1142.3356980548883 1722.5931630980676
853 421.64311051117716 42599.10133327598 3359.529442604708 1635.5863546169971
854 47244.083943366655 3748.983623310289 834.8731414470117 1489.5368509456562
855 16893.50174716486 18241.110950835537 3810.731038200523 566.6223367119361
856 48778.277722891165 44778.1532335265 2933.7955598630215 3137.9120189042496
857 46704.46796821198 42325.133088611474 1731.7618606849978 1899.8255550349513
858 7113.779150574352 48255.82591930397 1662.640024505049 883.9902991106277
859 741.4677627180909 46866.46425190545 777.6719582240071 1700.7878228773834
860 41844.61147386559 31172.606201049934 3020.0217374305366 2004.6827325061927
861 47278.59014835576 12775.15670615267 2164.872863784475 4089.363136241055
862 23176.64665321497 48879.99164250983 2981.475717307678 1396.2635153273409
863 30683.097147699486 4244.640251044776 2328.4166623814262 2375.501314958622
864 48432.96487143566 33514.82129710356 1450.1483403304562 3640.961950446704
865 25838.141732299566 47784.68515191547 3523.1328736494506 2996.4917431791605
866 7175.315387637708 18635.247324990185 2525.95541327682 2108.398992461519
867 46409.81691587729 19956.75912255016 3986.2217611559126 1964.7794885638468
868 17197.691597463967 7408.605232304611 712.8758799006006 3395.6542880878674
869 46685.720135836906 16611.267655268468 805.9070058726932 586.6164574676533
870 14933.83789558242 47228.60018656933 709.3697083487485 1199.42508901873
871 15687.94875859019 3066.065292014689 835.0566053019479 2633.677299117086
872 5205.199574535716 1895.582645558524 4055.016116071116 2879.5546041102107
873 4215.2729984898115 9248.10644593842 3075.3679757930195 1457.3480501883537
874 42140.19476349787 29898.122680983663 2230.2499421717143 659.7547359195804
875 37767.24021019746 48315.15976247731 2582.3177245232305 1187.9257352685172
876 2865.368811838867 33344.49761723078 1647.060450764916 1846.2853025643399
877 7601.178629499097 45125.78942526775 1629.6967877986467 1864.137862978057
878 16761.587422867444 229.73801601297345 4079.2319554494993 604.7577480169562
879 24913.36996148105 25621.174026047687 3314.5706607252696 3924.528222211427
880 11666.1726732739 37118.67844381723 2073.9292844676515 3149.3689757581587
881 20612.906960312328 7282.914516651123 1639.0373048298893 830.3939870337434
882 11099.105040286442 3438.024941588807 2050.4306814715887 1258.769271696904
883 6252.782318572673 15698.786176601514 2296.4088359199563 2787.7940835498525
884 48360.06393181638 26312.31158154302 1244.6295529363963 3616.3417778460807
885 19603.15856328289 15407.273106571167 3443.115894347452 2137.835684727541
886 47977.85177922828 2745.4146893627008 3186.6535541009002 1728.2696409312575
887 32234.423063864724 35973.835779227644 1953.4381085289347 2387.1277648448845
888 12433.82384804081 37826.515594609125 2344.556440164937 1997.6392418675878
889 42593.77996586848 28849.999449912764 4086.4863649845424 1738.2357750673532
890 1910.7403606367427 39930.49857155857 692.3087920455646 2175.4668488476927
891 8715.424599727203 39337.98034199278 3055.9227560723393 3120.882784533674
892 21433.0893826865 32930.45797360361 4166.052536661519 1781.6275867585068
893 21626.603868336435 45693.161390494264 3142.008454424564 2934.7784659499907
894 42473.48831999524 47611.63312992001 2176.931069307932 2397.6000912236473
895 18169.553395636667 36479.851069817356 2567.881684208734 1286.2673411845863
896 27495.7822006258 21293.41214027523 2496.9207037268734 2351.44166417222
897 3732.6625475588785 23315.504097007713 4100.091735711567 1410.4300133350825
898 10499.716561490211 2353.573098719965 2330.609203549518 836.1157455230741
899 10890.120222371044 25438.019887367744 2142.3114564615094 1161.06533359283
900 9035.030454689253 21469.63011546929 3815.946846964223 3251.9332242089004
901 34955.59542672807 27054.776919803317 2475.375602980877 3791.147098306125
902 3469.933187851032 15295.965990644896 682.9571520786881 3558.908056262626
903 35679.76503088565 42495.17722641329 768.0719007108014 3571.9531187827347
904 23899.31776533112 38980.335637918906 3559.529702237762 3890.104079488764
905 13621.103819417604 38633.9740895983 2442.9850337131325 1873.848653444763
906 17670.411875005382 19162.847872860904 3804.7661658852785 1805.6363561474068
907 336.8415160797973 19466.899174623504 2152.304079796806 1369.3237586983955
908 9748.986678086663 32587.135463717805 3638.9518926125193 826.6169362554547
909 629.7024739836025 34083.83177665782 2448.2665719376814 881.829364314141
910 37496.43722943807 13564.23903790791 739.0626522966654 1096.1188477859744
911 9565.7678700277 43035.64963010512 1243.2452010717864 1671.6496134370532
912 16662.8007668985 334.13703563572966 1041.2734939272684 1590.4952103793044
913 17419.167119598136 31509.50117614902 3766.0633891714147 1590.8288130413134
914 3516.5296844584796 32753.55257361116 3046.878184842021 1855.7508823528678
915 23982.133669589843 42624.23778305766 3734.533662186416 2610.3712302315835
916 12605.791086577792 14640.057474969653 3099.755950362236 569.7200583035442
917 13992.55777122465 31020.545512208297 891.5172451287036 1205.4166271061858
918 32268.078553204607 39658.0853237467 3834.1430452902823 1096.4485164180774
919 35456.5291239665 48651.892498713125 601.6903528440205 527.3049776667118
920 29543.14268253535 22306.551013951022 2759.818948225066 2709.304855105114
921 17883.05147732267 20339.52339854234 3896.3976385747724 1833.4127850001664
922 16612.85087273444 6449.028433552146 1103.4284479325074 1280.1450358640611
923 2473.536687164235 16580.39220346127 2382.6608600779964 2646.6433429598087
924 29989.774114236632 26807.05684402151 2858.0715812695034 3989.618108766404
925 14591.741827157268 35906.879667150206 2066.992458544446 3499.2317735801666
926 33988.84503603314 2221.7091976014767 2634.1556776532866 3911.2748792831503
927 27401.51711340178 32257.023666292094 1626.9255171694408 3770.8305051722923
928 11310.828625804248 5929.040931830027 1825.7857108283993 3498.058504496615
929 30172.55180737872 48270.36981352935 2340.7907687743937 522.641669233971
930 10698.994252980818 47875.373670210494 3081.864613450618 3160.9923346902365
931 42029.76338949172 10292.598217033601 1398.2566613371691 2661.4608397347706
932 20333.44585343919 47484.93966989793 1121.0327746161602 2919.8890406150313
933 13544.355439662722 20352.830429726368 3409.697698574276 959.4932973034871
934 46098.64907726421 37929.89967704663 1172.5118025480879 1645.9351039297926
935 31935.26945397854 25880.208242655648 2431.663382016999 773.8259219172686
936 44468.4593334282 2498.392854725812 3045.23557324332 1512.9759230894651
937 40611.849290810766 37757.736389444886 1910.6843794605397 3059.473884574612
938 20693.586091841305 35832.987305176415 3656.772575603525 1714.1341383689369
939 37794.20692520874 26126.194813442315 1103.8135113031701 2187.2907000489877
940 8870.624021191827 38010.26489705123 4008.248068278061 2281.6336228035
941 27246.409717665196 10029.422872039015 1539.1456869308172 3796.3748560484255
942 22984.057670883838 37539.98812420097 632.5230904565343 2746.5651895949195
943 25097.705542454907 16324.187689296681 1201.63067423354 2981.750925127852
944 8449.789618386338 42310.18993422176 3070.264531338282 2537.632679107938
945 28122.3754160237 14330.316305518 2481.829678080448 3096.9420395062393
946 30308.880137878747 23319.62257953412 3250.2363896367824 1251.4624900190852
947 21483.774459495606 37083.73551455149 1295.5726994117035 4157.403423843342
948 2532.338883937737 3124.0264919090787 865.814095519699 2532.139491682129
949 46011.45673285795 9143.594894637297 2872.413543141876 1903.2467285092239
950 1841.0452352141297 42049.893395765655 904.0398811408373 2113.815853669411
951 40120.166149127 20838.103479073598 3351.442091386165 1081.2492924136723
952 7414.0968705467485 5274.91014003935 3325.2110822063914 2303.8334281946877
953 15815.841588690142 5104.198593619869 602.2381341115408 3699.98051649098
954 45530.73217972395 26416.965391156213 1719.8488460329777 2731.901807883389
955 3318.405573855012 1060.009229352282 2924.014079188712 1945.271009640568
956 34203.81853481519 2368.510543134179 3462.1360337906244 3899.4526243241858
957 29340.33138137221 16041.518405542663 985.1803504430593 3554.029383265889
958 32315.377401085556 37285.35038556064 2534.0373573822626 2601.1487150638436
959 28554.547727028388 41935.5298820767 840.4410249183054 1301.761086441764
960 12457.313340732102 25794.237443613743 2727.831816536204 638.4496881565425
961 49648.20181513797 7340.340730713548 783.3009034697312 1155.2105596779184
962 11952.451021435916 5550.523251795757 2040.6429580950671 1398.184400800637
963 7133.677578859963 9879.652537749309 3590.2204261638826 4018.940423821075
964 1974.3214329205437 40715.728749289294 796.7288100880654 2359.551493003421
965 503.5261818520809 10594.47281854686 907.6626732902357 3730.000780211396
966 37295.836340895345 4352.164108773667 1618.293080559613 1028.8536068120457
967 35515.57713256897 14645.887882061506 2234.3351271296046 1741.9543540150194
968 6789.44659820474 15962.139126121103 1348.4458802770803 4148.70055017156
969 32658.14814486422 41326.0584920414 970.2776337543349 1109.1791842046784
970 26517.189939399683 16028.330152571527 1352.1685811802588 3425.4851018893564
971 12755.69268661058 36230.7187391153 626.1214069921064 2872.6442961117637
972 8418.525859141972 29815.272470026513 1023.2996904518359 3638.7430299202015
973 25472.804669521243 10478.618967983779 1623.9767855950126 3963.0607916958284
974 48314.899026360814 13844.617272892427 3411.482059885112 3880.547828173153
975 23452.110529567548 6946.15268158569 4051.336448608375 3905.969519379365
976 30215.45059600174 26717.761210959277 1466.3767867446395 2028.1445986415379
977 33055.77087466841 34200.71856074363 2758.3915415249344 3675.269121230341
978 38515.111272574686 28143.774048909403 1488.7618265619924 526.2673048106853
979 33265.66890831225 10628.800517504182 3067.8279822337063 1714.5005256826134
980 6032.150537401699 14153.009890475476 2003.076358574332 3463.3674378271003
981 21376.752609883075 17086.798758676938 1494.7855165185986 1836.6544118413121
982 22586.671873459072 2295.562341563902 3984.931107639611 4129.384173447639
983 3738.4649746981377 3542.735708051867 3148.78657969789 1542.3486073206236
984 30699.60542200714 17338.46164220759 2930.642884612124 1452.6357911073608
985 19461.89475858306 18833.447380228627 761.7916976431393 2958.6256523570346
986 31044.897812176376 48546.775022184374 1417.506776583237 3158.0313667356627
987 35302.40163116612 6001.01913497392 3739.123911393632 2981.807928498279
988 12745.543183525922 17000.62973368399 3746.365621818313 1768.931031580495
989 44174.98034528527 29989.719415111198 714.2144147069582 539.1476019464286
990 24307.488160870118 16109.526597872187 2449.8023180862215 1975.1470699838546
991 23027.5802926599 1434.7280685609028 3540.6809738883185 2844.087715157821
992 21040.150170424764 47928.7233786567 4136.84769572491 2968.7512619634394
993 9810.55270404819 5779.7027155074275 3246.019177752668 1065.4160270119844
994 22502.662355739853 26531.117899995763 3424.3625810796734 1669.044190186542
995 12760.556882678611 18586.65905559821 1914.4568471535367 2435.9293591064124
996 21336.383267374822 15109.432609174388 2054.102866788918 3548.038424051542
997 12730.62055811973 25671.367680015133 3579.3462237440126 2397.9902430980014
998 24075.69400316559 28471.637673849196 3306.097242339782 3244.7224592046314
999 49249.48242486152 28834.969064647765 2417.8806263240213 3884.5006875125646
