1000
20000
1
500
perf
0 4655.713431902161 14052.115471044955 1323.4556886615073 2901.649418239736
1 5769.002946958364 5432.915350714504 1220.2576227668424 4603.873313483399
2 2978.7445621064444 14806.362462803769 883.6419308186398 4628.651356412693
3 2347.4540297631406 17838.616976207028 1682.2545888585619 4161.016994685171
4 16151.023229811648 15621.891211426435 1320.8751347145935 4171.18947874997
5 1733.9398879843177 19705.32582880068 2063.8902472325735 2335.1109799285296
6 13340.381631111006 4944.417750083195 4234.754836516275 3139.43114187115
7 2934.506396059974 14014.764657074229 2665.469117413329 2285.7253176474696
8 11802.592398797438 335.62118808958445 2472.746951846915 3727.528565809384
9 10832.11362473382 4554.176422869043 3599.848122254789 4810.898512040882
10 1268.7509611535481 7960.252341779303 2165.43371542176 2688.7812184388276
11 73.42776586687155 12593.313008145748 3585.664498299197 3761.8465123207475
12 1314.4061825754018 18906.388410034822 2387.619707898391 2090.551766538287
13 11664.484256108486 3811.271798132116 3448.4780398146063 3142.3618810249145
14 16014.769066896404 11339.988514838074 3686.453555866513 4220.99038305071
15 14380.99306046753 5847.150217370056 3988.42899367337 2400.196975716077
16 4546.592171538739 11911.40703207148 4545.33027132966 1262.3000065792935
17 10519.810027473313 12579.291271042774 2152.0869197545207 4308.952055140042
18 15008.445871805114 12727.494003699123 1436.1578519164862 1926.65485021708
19 2166.1732114734336 15011.158713762039 1274.842395535081 4217.616707869056
20 3065.940008280343 19257.325118706158 1429.8379524291545 945.8938043021928
21 16837.70484615223 2895.444024318673 1808.6119451795992 1878.7126507173932
22 1957.5289742680948 3328.260124876839 3768.477676494937 2080.1536700453635
23 2831.0407722998334 6575.084569588978 3908.8481771840006 4127.523331924544
24 12012.896769482633 4792.5175513006025 3737.2659407758106 4536.185848526571
25 14937.036817033048 16244.748194974309 3622.899513245362 1352.2143043020474
26 7633.529105856173 2367.5657026841914 4320.812716950124 4706.8175893376365
27 17623.799769184632 17497.89597726365 2029.1793603793471 4519.00081255533
28 15785.99469910283 1937.0170813360996 2257.897948473086 1428.6650316484138
29 14448.284386512283 8848.776006974325 3783.972448633336 3224.1305985149374
30 7043.895908050365 12687.06630795472 4909.589276888623 666.8504962644411
31 95.50485886740265 11328.261459843672 2375.964077805127 3974.3912413771027
32 9821.457354155591 9203.88745539926 3386.1115610654665 3939.539268899817
33 4514.076077212544 6780.835927375906 633.8384007984857 628.6998357005507
34 864.4472948121663 18247.567971457247 1212.6412027805545 797.6063761272562
35 4464.698680819917 1276.4292379879694 1336.9377806782566 2808.4111108459156
36 3554.712760415091 6075.198146640461 1062.846268840418 4090.8229366938376
37 9128.575590152423 7160.931672045122 2411.2657255745985 3259.147293660588
38 17841.315700221498 13752.820443704975 1803.6381658726043 2266.8603339378014
39 9893.474529663856 1558.9689695866693 3480.619212130198 3118.2813439489096
40 1246.0394562137376 12973.94699831347 4453.703777333527 1838.961739149615
41 15605.646510244365 7319.162868987803 2201.299536117611 2533.266237783171
42 7202.0731119844895 14678.565334716379 4451.148601717094 3085.403155394124
43 18042.717066794627 18468.10911430706 816.0612098636273 2951.5689046599746
44 6742.62470182198 6247.70872936252 1750.5604288302366 4937.17555323176
45 7123.896504407681 19263.8210857724 687.527261174397 2343.03299221433
46 806.7648739438978 5182.254292867627 1259.0856010768618 4834.765742014187
47 6562.711817128491 8887.072758026205 4309.525837204466 2495.3009197290185
48 10238.774255871522 7642.25223542606 3817.024375461165 3730.6343380469284
49 14183.19121720858 13252.097414396263 2117.496287772898 4055.479001520365
50 2812.241926405625 14856.546583382375 3659.0010328607113 4024.3973427787414
51 11425.032466678076 16683.156769195062 2409.756134272402 4783.963881776598
52 9095.091923851764 2838.515611734063 3643.2594277948165 1738.5543343872562
53 12262.989278924168 563.8513223525474 3676.3766114634736 4471.76695588562
54 15163.536731654958 8157.571884166341 3851.8002763369436 1679.8128056858707
55 15162.700214739112 7664.726518324117 4156.086767401948 4048.6095210092367
56 2647.003706825675 12648.700767101755 3874.333623161301 4891.990926264137
57 9201.108461463127 18391.612323301135 4263.003219391342 1086.931064836151
58 5557.82741866622 11893.25994168297 1258.869972957069 2044.621044608139
59 17326.56072001407 10208.651467283202 2992.398264378236 1840.5108116103822
60 3587.5966467126555 11009.52130594196 900.9846032587088 4802.331699108284
61 15266.972539774366 3290.967897499805 4130.9500049038215 4386.736934361672
62 7501.185742272772 17974.691014845383 1530.6288418801405 1984.2109515344616
63 3323.3505484447483 19856.843292729336 705.721385642334 2904.20549392729
64 9841.39422017204 7264.401687038401 2822.4746810996758 2980.838711271596
65 5959.788497003006 8679.431658218902 1819.9371414674538 2820.981372266858
66 12727.738168802485 10257.30907195666 3460.7081392924138 1812.5290495003687
67 19877.57437305109 19265.143013101362 4036.3514188445956 4322.039327980076
68 3160.780865577244 1974.386603338597 2646.005203362037 3261.6557570541536
69 3015.460147197531 6293.437583367359 923.6242953635465 2517.1467405841768
70 16531.872440524916 3862.1213693860386 4276.398857177577 1560.571577351663
71 15131.344385085262 9482.78378247258 2991.1291033360812 1917.7647690450747
72 9556.10203343615 6237.306940492939 3119.6730338527104 3832.407234925488
73 2044.808713701942 18974.800541788067 2579.714401400035 4152.428137598476
74 19227.021167965504 10323.840034490868 4023.793944402202 1812.4877218083245
75 6477.806935243944 4657.773512602235 4154.732801498859 1219.728281355985
76 11459.526874169791 17512.164487556027 1958.4040929192915 1441.0644658348062
77 19575.215011616176 9841.227743593154 2887.923825244028 947.6966237217187
78 7515.865474018643 15794.255808493777 3101.739185155928 1423.811082109962
79 3133.8266864273983 18689.201765063128 2640.61036734367 1689.4177947288783
80 6703.415221350077 6583.749016282523 3577.154924366925 1908.351345251191
81 9964.137314869173 5944.150239272152 1939.653042932896 3524.142684040992
82 7151.989381237073 13079.641009162247 4678.479743529155 3274.9771366804866
83 18168.0558772021 13641.950937030397 3194.199668105263 1820.9490971040373
84 2683.986683436264 9412.386620844409 3085.4108839194487 3815.3787687002095
85 10932.176534513941 428.21294231626916 3737.4671353065687 1638.7961055514152
86 16444.048548201667 1580.1088084791916 4883.648853567304 3386.1643330163943
87 3586.984966573288 6977.798927601814 1851.8888724386932 3942.395607297557
88 13698.965071598359 18053.76979466632 3308.9816540301113 2971.9904467684155
89 16429.786982396843 5398.6666143052835 3939.810392487014 4088.8539686326744
90 11575.885871528586 10792.021745479837 800.5062576435148 2330.6883186408622
91 468.2463324218341 2160.9857000071156 3643.1784870377815 4705.2600747202705
92 12165.179549844372 3503.7053818831096 2322.0588418340794 3597.232107944097
93 12090.396954395295 18490.284862794495 4378.333706509962 2484.7647781418846
94 5673.617323948029 9721.697252501943 1080.0144481245509 4729.727257407966
95 19976.04660358815 6171.489197893995 2774.139335788538 628.166481331054
96 13053.421364839967 3668.496821581722 2827.9340272574213 1480.3745379646325
97 19038.97420844697 13551.753948906411 3235.7014164885136 4910.9245632028715
98 1412.3116415228212 5971.733720517296 2812.377868863997 4232.499665557654
99 8401.503072026855 19128.532399000873 1552.0952484140057 966.1689623739533
100 9379.170745109648 3639.4443314089017 4598.967100306236 4907.2028457345505
101 907.9457907504487 10712.832557699776 2254.8705477003214 1627.9884920367922
102 12049.491059099591 11773.016831393803 1853.5823504953623 3311.905442312085
103 13544.34662733153 14702.235485329182 2133.6875587313843 3048.2777301090096
104 7758.738319733759 2577.7131525209124 4167.837452232189 1894.142414646602
105 8810.386698974084 18577.367519189396 3201.1110917854944 2155.509831606786
106 5287.482807743545 4189.088546471242 1480.6936587691907 4199.256421623952
107 11295.985502572019 13224.000938354897 3125.616733534143 1343.8127921133223
108 18889.175082933318 1893.2414213488973 812.7718725469533 838.6187325825174
109 1710.5001485754083 2888.3520298039775 3443.2386020159097 3165.6368421348743
110 19403.94015939142 3885.500050173329 1938.6618511285212 1949.850808272438
111 7828.782660426104 13828.677498108693 2204.9871387765384 2055.7933601434884
112 302.9435424624705 3550.5683784455277 3818.1644144250836 3414.0177480090297
113 15306.507052960098 2350.836434618186 4331.737708195804 3234.947913065917
114 358.80248384837597 12866.98012026524 2415.2624594921654 4891.07671464633
115 1903.813150815769 7658.123104669835 3606.4263173655663 1255.6336391066554
116 10641.848913132484 6394.104370203647 1502.9749398295598 3132.535520584605
117 4652.521274837668 14027.271957154402 3741.605421923317 2083.457520300405
118 11548.762514786305 6380.430722057773 2017.2985338048657 2513.065711716052
119 16791.18770490117 15436.213152118413 3317.6060995202706 2990.795764132043
120 16741.537087250603 7531.2571605831245 3635.0828822312574 704.0236221507837
121 8656.664761887216 5360.448825067742 2714.2265977469947 813.693610418521
122 9417.149439689925 3387.0945523986343 2224.887630122661 3907.175428541318
123 3339.207713668324 527.4675197552227 4131.906950635876 2856.505366083206
124 16543.574881187826 14362.859115813124 4495.956583552761 4019.1072940257204
125 6791.984976924149 4330.472681480085 3732.171783585723 3798.3806655609033
126 15451.1544396604 7036.063325783334 3086.3137778810587 4988.899192516064
127 1589.4763905210775 17452.649199357595 1095.1302542074577 3850.5769611451956
128 10867.918612013678 8258.50174720944 1440.3358245289223 4280.8883034667
129 10208.972715318134 445.89888047323683 841.0275421398195 3059.311287975508
130 10060.64263925571 18345.229159409937 2109.365972560973 2860.5191649295352
131 10529.283437437822 17265.852198940596 2917.7258800228233 3045.2613255504293
132 16164.192840453421 18673.720115016866 3742.959483789029 2152.007888486858
133 2244.348190847971 527.2061425913306 3146.6490088787923 679.2194333340569
134 18032.56655607301 9279.867037974725 3583.118120059111 1294.4777936166786
135 4210.1316506554085 4309.645466222369 3103.21246726858 4054.070286611852
136 12273.467946877263 8621.314294615353 2186.4698315928945 1694.2443310659094
137 10044.822143871497 14327.951663397904 3673.19630347 4956.794791067202
138 2263.2144991152163 16061.839166303662 1889.049115797991 1245.4667065716658
139 8546.321619418499 8719.276240781563 2989.7835534878423 1311.8149169075066
140 11248.395752323924 7894.305423348503 2173.6302341107294 2042.3245580581122
141 450.4275487529118 18964.04323725966 1762.6525553108784 4727.743235242741
142 1735.940787099042 3339.8151877386367 1378.2193043692498 4245.257796832202
143 7608.109779691568 9175.270652776066 3395.453232534295 1163.6197509364133
144 14637.338584877596 4142.553469023777 1132.3910656273742 2526.242394208291
145 13897.246133968929 14642.046087813256 4277.105617299162 2456.066360793791
146 10564.889066185528 18271.08902508548 3533.1698305727846 4482.647384984799
147 8610.821740027523 18841.521274215633 3784.0055599176017 1386.7721860668291
148 17239.61734584134 11587.283554888521 1625.1831356021805 4545.3958206340685
149 3814.6465977609378 44.05447843946355 4607.587117499509 4181.3156415188205
150 8015.698183429308 13700.974693102526 3844.7583953066587 3141.4753727796233
151 8472.394216176705 13581.621674690366 4902.952238509022 2240.238453344977
152 361.2972489673811 15115.76342032326 1740.0051838905852 4905.231403927227
153 7236.243916854405 6731.4892492175095 1139.3430353046429 1309.4235759375013
154 17288.929483483244 16053.89153599482 3629.7866266728556 865.0914295586082
155 735.5808770567388 15918.188885036649 3614.089839154094 3729.2578995869435
156 2744.9185071431966 3141.3085858652007 2061.722362648402 1250.7139354742153
157 13957.431068475515 779.7100673833012 4897.908007879528 4598.725126264597
158 9422.49089137747 14870.963845338623 3551.660202300271 1718.365325120684
159 13680.352132335967 19570.75808476981 4655.295551959702 3370.766870780408
160 3003.5003382736368 17225.41441634825 1250.0039573829142 784.2706647101186
161 7844.7853475634365 18062.081039677752 3099.4901073163282 2988.688670110255
162 14359.804580335813 2384.184856962449 1814.4194324284492 4307.727971048469
163 9125.947614624663 14664.826604761522 1199.6208359573734 3873.1263787765306
164 14311.781187107417 10654.098975099158 4286.554246415244 2627.027162119709
165 18121.963675956522 154.27316017134038 3577.3221474322368 865.8412579831167
166 8021.665612659249 6605.0307081174615 3472.460218719305 781.9465515475049
167 13627.883769986609 6647.158485040572 1527.1993944006008 4711.928474736953
168 1124.5939511790675 16995.999559533495 1833.4595111896897 4808.930035504495
169 10250.048355526065 16066.863056134402 2178.957225492717 4049.36285060888
170 19594.618381410266 14231.244801459374 2738.9023392823715 1193.991709663755
171 9707.864321669658 12474.33757690003 2467.719930461619 3944.4947024487888
172 674.3726616311482 1607.7007776152946 3052.3859963654204 4037.2262316402966
173 70.24404732384002 7093.587653178896 4480.88595641899 2384.4949632922808
174 6953.746021110473 17746.978469777216 1439.4975617273 3503.3947325238455
175 13358.74049213656 13445.93050515878 2681.424671984171 1907.769549232166
176 6044.6671958459165 13269.947736773622 1810.0767260751893 1428.175270140382
177 4427.007609176175 17446.715162701712 1739.60381799627 3391.1834181283302
178 6575.251371019831 13196.944972358016 2328.8024502814587 3441.141726799045
179 7520.216384672167 18192.316942951675 1785.0910030374307 1541.5822765865128
180 18192.227283865665 17954.877469413892 4931.1162985541805 3563.3843445519824
181 14000.385395446092 15794.990800755731 2575.725107089257 1521.616510542582
182 6741.83377634333 6726.384892676825 1790.8541895018172 982.9707678622087
183 12624.506267419109 16839.26881697823 1712.9546227108158 3089.9457638354097
184 10466.407714229072 2887.789833502136 4431.977598739511 4511.932311485545
185 8874.758891886771 16424.845203229263 769.4347891601261 1766.7452094427333
186 17309.973764281927 7146.121834216478 3445.1471019810383 1948.4581280874656
187 5597.509113743885 14403.552735428462 4310.445724921275 1771.3236635056046
188 6576.459160378948 2316.119168984618 1832.4625635910295 1064.2326928286054
189 16097.315293668122 3932.6718640335284 2819.3735825198 4261.361501589841
190 2894.2113058774767 10761.7407890306 1135.1834853450737 1876.533437432674
191 7836.589961085006 19008.77502292539 973.0662583418491 1449.3096427685514
192 298.5535608536429 12381.499435236332 4777.757830155135 3816.7727522388864
193 9027.601067829319 10522.799227426362 2309.158052803885 1979.0666065708713
194 8951.748223512868 15581.111894267515 2871.374936535557 2516.5926203612844
195 4008.9006430092813 15346.199499073413 2234.8262562777963 2318.0799476875427
196 13225.192369325843 943.1899777877761 3821.886229768285 874.7431879254092
197 17173.370838466093 14180.874056764462 3047.548496726494 3699.6727095664974
198 3350.715150591946 263.87059313061303 4303.356267425739 3895.213828861997
199 10230.640691157412 14712.363565688962 981.0891701048613 4541.684080446188
200 3364.860024696678 17333.87174067484 3333.4637537058775 4174.387271731522
201 1117.3945815025431 9959.167132335811 1193.1259109338164 3345.805688614503
202 15399.613137529244 7271.207049188807 2752.559193582977 4917.572665193354
203 14575.201348758703 15921.908363533741 1429.8483242776065 755.5571619190205
204 13252.7258146047 9816.52904102518 2744.3623475856875 3809.839147530706
205 15517.796962376058 18525.095115937667 2276.4292602582022 3443.343036627561
206 2073.297073990657 13916.170699683527 2946.8833289449535 3312.552246766435
207 12684.20631186403 14713.713124649912 4954.376429642817 1053.2091783331205
208 17337.71255652204 18006.972619927525 2161.103616767169 2791.9207608778074
209 4897.7033569758505 13307.010142766205 3450.210159641492 1992.4833042887722
210 8576.867494533655 18457.664211197265 1389.4703642696659 3097.819581075675
211 19334.2229044543 10975.315721697461 1295.5363756953966 1889.449593262982
212 1398.5085757455313 14819.889012659005 2689.485391507329 1658.9370127210925
213 9982.731906015697 18558.708981137257 2309.972565181153 4793.4090726137265
214 13141.567468340123 19498.983591835742 908.8014441299971 3040.9820134512834
215 10226.631952256414 7607.064007108496 2572.1600316396934 2393.0108767989987
216 13080.93567411684 16796.47797345488 3393.5102267931716 4101.85003003851
217 12788.027983544009 15850.958281432513 2783.806321784957 4315.4674346083275
218 11518.213264100868 13539.335274318868 3476.4249781923536 4734.547153974855
219 12656.260357966303 15007.328249388493 2178.5931240356604 1879.63502105849
220 8040.613231968056 4574.376543749169 3067.561934482318 2524.4807112693325
221 11824.015888946637 15248.466157766845 2254.1051445298644 2614.5728457030264
222 2930.351966038592 2437.994784840979 1718.1693910640352 2378.2419344985483
223 3617.1349072554394 6194.597846370898 1321.786626020277 3829.7349618687413
224 2150.070172929982 7724.229807757031 2751.313603510694 2097.731294630059
225 5952.529540159665 9355.265563061686 2050.206207373062 658.2589349613155
226 1912.6768320712144 4827.7342793780335 2664.551188540552 4500.708594883818
227 7153.145854409045 460.54081500708213 3182.72811600643 1197.5420536195413
228 17297.902480136287 17774.788222890635 715.5696843853553 2109.75370199589
229 15168.121048755687 14887.29101042458 2077.7461257929735 2316.8900530227284
230 9244.18587343848 14038.442669719972 3351.382350393327 4165.180808187599
231 8255.130376178684 11435.280491249794 992.6735541939768 2045.7067762912845
232 10213.712007384964 7165.8853493563665 3484.115681507264 1998.4294248512128
233 10045.608122916514 5114.144141342915 4886.098005493911 1516.6814777896302
234 3631.324437126123 16727.143841576202 1849.8726761123394 4135.119920399513
235 12640.467589039657 8022.39459751017 1244.0305385460226 4735.274278422642
236 16118.055347447445 9756.8034122145 4261.4241966076725 2621.9440564962924
237 2841.701922815529 3879.036650402759 3203.7401525846444 2710.8151033873555
238 1417.277305488404 7387.676544449936 2042.521847816747 2752.902155179544
239 1959.4858576791667 1404.1323033313304 4436.324079240151 2711.3398401196782
240 851.9253145243105 5716.499325007641 3630.468839961448 928.206087103905
241 19610.347005338357 11207.620250183554 1790.0699696729414 4073.235176163886
242 312.5680706136362 18264.62833916788 1806.047651562307 4002.0163029618657
243 5855.596286544417 6514.687381712821 2845.0349633483293 3808.7977716843334
244 11589.888127364213 11991.895136878373 4491.138229377011 3302.8273346016795
245 5762.17594697251 14055.963821903031 1029.4709985302934 970.1363822461527
246 13587.775908291205 305.4740044378703 2484.0989269832626 4859.899034886301
247 8797.651408396845 5938.020249204554 2294.4955645244618 4149.690748685571
248 5521.511093447987 10945.881337284934 1197.8922595678268 4905.536831343341
249 17855.925653514234 19525.055658769008 670.6732267917023 2701.357777340632
250 14966.439093032488 1507.7779372274981 3045.8741084162584 2856.2359673459678
251 1993.0336500040905 2726.8170318116486 2400.2042156321163 1308.2085719063434
252 8179.781643989612 17193.28055299422 2291.867817428457 3001.9044161675592
253 5617.812838679961 473.27125440351824 2562.538315912424 3726.9933703319093
254 17084.69353409236 9366.698220356695 4646.561112914647 1329.2918851361167
255 13153.150681073359 15707.94202227967 1847.2227262891422 3080.980819158946
256 18331.750645626016 8349.3044212939 4094.465336613263 4957.652600401748
257 5873.978025065564 9500.260409198778 2176.113088892556 1203.468104317777
258 12457.498677144504 2081.9338696198247 3265.0864357784503 3324.2897717865526
259 6434.783864152424 5307.235117226156 2973.000025526657 832.4074979217814
260 14595.59769381852 4174.497820997412 2834.486857904426 3040.763949753767
261 586.9985444310453 49.47420388598018 1124.6680540316581 1061.9916949992717
262 395.20504304832343 8007.140848383598 4935.74736646897 1032.2996722390094
263 3786.5998109680954 9505.86944556267 1312.1718635983289 2955.296040650015
264 12105.487127964261 2245.4498613652577 631.3277595703934 3546.213800689556
265 4327.487060653335 14023.692285073434 1962.6690633578244 3894.919096531547
266 9787.794951259708 4444.176840548761 870.5363511729448 2281.5671870283977
267 6071.86115360855 1274.4424011803699 1633.3163208559818 1861.9874067831333
268 2364.4393232761504 13772.966431690505 3233.4428448341887 834.0583536394186
269 3060.0445086724676 5825.502663431565 2622.2320466561023 3764.7374464519194
270 12378.731887364418 5531.28762961701 2899.97149605711 4013.9584941099206
271 19992.71198076878 7688.848944384114 4150.128920909966 4452.504511507723
272 5193.232834391873 377.8283871535037 3918.0373133672965 1966.3194814394296
273 16054.32571169382 6640.970252464767 1300.5078178626834 4732.9464174023915
274 13982.374821983958 169.642935443354 4239.975012645176 2248.0268280316786
275 7839.232699264831 6833.568894502205 3564.7791950039327 1260.4050597616758
276 11216.007061613194 15690.931028042423 4161.483631659745 1026.4402007331819
277 18515.268394880666 9258.923342297168 757.1613043358714 2171.299209640825
278 4592.722672098357 18182.055149006588 3252.481320629336 2158.243692470457
279 7448.178001094412 7758.970972825059 1381.4420570775383 2742.7394909638215
280 13201.875166000827 12706.897599346417 4705.917023055514 4783.857235985363
281 4891.337964667587 9939.331857223182 4050.241934838533 3935.110942839667
282 10938.95754173637 6252.261581202008 3171.464339373925 4735.427639364396
283 4050.9789007951963 1116.7915131520683 1642.0749620554086 2445.3982573639705
284 16548.340134668608 4854.492131509217 2491.772205538243 663.0799917713935
285 3191.5091169665475 18356.270870398603 2228.4305055763148 1947.11731431516
286 13303.756805871457 11022.567141950134 1462.147055206911 4003.8512834339476
287 13625.709754317388 11801.88554070427 3175.295136031201 2874.30373584209
288 18345.31139602025 11077.038989084354 2672.0255543908956 2873.6776821693957
289 15731.167082602353 4549.106757095286 2217.014798557679 1270.152833326208
290 14694.297306273656 19156.49108620059 980.8321338065737 2958.4656629954266
291 14706.491271200694 8841.999170578625 1465.7427300390646 3585.7095911735405
292 6549.043735884912 15861.153540662968 2384.533274142455 4345.7820041585
293 12.297469028796028 12073.949029492122 4638.027042327416 4088.4551232247954
294 8029.100400112878 19830.538075505196 659.6355154445785 4800.539954374688
295 10528.21469351673 4609.949289172288 2707.0693527886046 1974.7611549744477
296 6348.599990319439 715.281287591132 918.5598495523568 1790.674301027612
297 15760.23809291218 17162.829138424586 2696.611555413193 1274.0486526903956
298 2143.0716237982206 1568.6571266003034 1897.108702910755 1398.103549020063
299 18236.631711386373 1331.555215737454 686.4450623595784 796.703778481899
300 8370.562768192714 4861.311524084302 4063.3632938733035 4304.331853436834
301 2837.8288652105834 13756.001730075139 2066.6302019097657 4981.035534993084
302 8595.726909924999 19620.36613569291 2243.848903010454 3038.8096466522334
303 14902.497484067419 11564.836098986234 3892.0650598989755 799.0761600265635
304 1017.1026534505087 14969.924924625782 1165.889914537835 4054.282075065528
305 16890.72927231898 16401.087717418453 928.8509888706539 1705.7750385958195
306 15179.28215587059 10366.2921665408 2330.3010062530448 1197.102005202163
307 10418.006294114495 702.0634007754954 2452.844207003798 4368.435992148628
308 18868.708281917854 14843.598150544447 1638.6711088378552 2745.4003619284094
309 2579.7890550756697 14557.128606541908 2827.4490310701713 2459.296724488142
310 8358.209402738185 18512.093534670916 4333.470510420082 1592.2362709441672
311 6312.666436631617 892.4394243214324 4193.994123114632 2543.082750201179
312 1640.0174551127686 9240.218685842252 3233.652727267316 3309.2875756704348
313 16225.035158414257 11525.65947819036 3199.736502215632 3326.669254718765
314 12464.541895673046 3501.927772805677 3938.355733725706 2228.1581322875336
315 7943.7226108761815 19061.294962660424 2815.8901162463626 1281.4351349484102
316 11249.092845833373 15205.08679432448 4666.977694064801 2710.8070421479565
317 1474.4849901491434 3152.9639545018304 4331.213110997431 2673.194757460494
318 18398.171155758537 3297.500111601675 4055.222922368907 3330.458581804666
319 4141.787517103598 13302.573927952537 763.442977688194 1256.1676117057546
320 13510.212207527931 12166.255227323087 2619.7886485572253 886.2189559397428
321 346.6066758097494 16847.57398208582 1665.8354922486901 1146.7433076518428
322 8367.862898500733 14820.716828460709 1548.1145685233805 1583.4379844750065
323 11182.020613205228 16695.50313095506 3179.905396259116 984.5167214095463
324 5927.693685719064 18634.5678188134 2552.4989595230513 3291.8267911653074
325 4999.251462192984 12632.94452827563 2805.9688638572893 4537.698922257829
326 403.2509863128726 12466.815631951085 1192.1214334264255 3140.5641685091055
327 6969.083474622674 16438.72100255071 3150.1979871531285 3329.472456498332
328 13599.258372651333 7248.215172105942 2807.890814940338 2046.9536037050127
329 6126.773156825715 13638.383132898893 2705.9978526583054 3113.4270620164125
330 3656.007359195146 5497.076188579799 3078.552991682344 2978.311233244418
331 69.23634459072719 9691.753846162213 1323.3236706301927 2087.3575896717207
332 6455.883105969932 16057.335922962922 4118.176099456192 1063.8849383234085
333 9511.353490749983 9464.238243797457 1940.6320000278472 4858.289113087245
334 15908.495578436809 7551.330955360185 1420.6081877294314 2396.2943267659084
335 7054.924345359495 8378.612009680546 4327.25853480058 3755.6982590712437
336 6376.873380571147 8851.333760628653 3343.393546229021 1706.8780187534835
337 19979.221300225352 1389.142799999466 2248.377991086909 2866.860573473148
338 1960.3535404352397 2247.502345954284 2488.0431482026006 1139.4680465243632
339 3522.96550529197 18350.957629973138 646.874297996253 3395.2183258739706
340 3087.1768031732895 6412.324988032623 1120.0614827561303 1440.1261259296402
341 12810.308260074778 15439.773763254754 4198.4417046788185 1994.9121134476143
342 7910.593652445303 11103.796936574892 4875.28324034811 1450.8969212107424
343 17711.263970210493 19087.730332602783 2713.149419238579 4690.252684523068
344 13460.100929863993 4243.942648675522 2707.849034382864 3549.1505800627024
345 13057.312771946894 15501.157259967886 3206.6610351885547 4187.63236519042
346 385.4655495543244 5685.1023974616255 1313.9730788411875 2088.2942827627394
347 4912.276727283624 2744.1992147411283 2472.0417869307635 1750.9100295584167
348 2622.5269724674713 7834.505275676891 1885.786608143412 2332.8558707255706
349 12743.383981263982 6958.97495354348 2565.623766491587 4428.314997847226
350 4708.370613387307 16859.569838008956 1372.127535985965 4949.662491915554
351 925.2341185116908 3299.5158196285674 4267.997006232634 1190.0436321138113
352 1067.0161199157599 3023.8229111588475 4125.63896945454 1633.3005008350449
353 444.46244621774736 19201.634891436304 1836.7605941568727 1441.1692300137152
354 7631.828877819449 2785.0390934977654 1163.1068304266619 1441.6519639702674
355 4939.666610050378 10484.790813044554 1330.1486581723464 955.510862900811
356 9751.811721210095 12444.803504067402 4090.969280793847 1603.6299788449617
357 5517.746599072583 18342.220777338152 3206.5044216538176 1973.3047489136045
358 3147.206107004825 12079.647904212414 935.3717614166915 4324.170740513803
359 18358.64560979688 8409.674594110516 3188.821993524263 2895.9960599101937
360 4953.872016943625 5806.350609276417 3042.8493957167984 1095.445249071581
361 3343.187845231947 13011.895726685385 4448.422899895098 4095.7468060544084
362 11868.874205366 1848.9199182108932 4100.406600736563 1741.7889751028556
363 12225.710666485522 12191.880631294056 863.1044342419391 2835.329046110018
364 15601.756362923225 7137.193746613434 2924.3727617758277 4959.773129842646
365 19577.30262382537 9843.944617455827 1570.0496234667967 4968.398874108676
366 15327.206561360115 13446.087640601047 4515.8360536931705 3140.619217909251
367 8582.075945985114 13212.891648902361 1077.748944558813 2745.416333344995
368 1990.0197559559786 7368.572646755384 4941.424209381078 4479.671574186672
369 9275.174947512549 12991.79021676218 3242.363806078854 1380.1275972951612
370 5262.844934636444 7264.465883421503 2141.3415434677645 1614.1330464384878
371 3674.5318274097467 3743.211804499362 3574.414632054967 3861.4905153266945
372 9629.10851875728 18680.180036968486 2226.4846294589083 4406.513582835071
373 7350.749918139296 12252.166472021623 4535.887121447444 1188.0814871995626
374 19755.2620943541 14235.732689316006 4526.094624914173 1066.9250779530098
375 17679.69464909426 4462.353747784726 3573.3898674767092 3119.4753321420762
376 13621.188122891503 5186.145249768848 4191.9201101721865 882.3123834686693
377 9959.203171313125 11812.004392191264 4799.616262347111 1056.779149221351
378 18229.93462904358 5402.706633375089 897.835127001868 4825.99792839666
379 12134.188094155465 15997.081377212628 1864.8909854316366 4818.059480094029
380 3208.965021619859 15137.15346035956 2022.2765068060185 728.3364965214186
381 18494.116563788364 19450.577138265926 3520.4541350370723 1012.4784503680825
382 1890.5201147268501 8904.943787710466 4301.904743881903 1675.6172588949014
383 13151.148528691461 16069.49350668859 3026.0408352227682 3270.8702256751612
384 6755.107396174778 11978.829855089218 2600.8571294338526 3286.299865162639
385 1192.0768909702588 18994.27197567318 1099.1001114171445 1681.427819697552
386 15239.709227017762 19088.01267550815 3739.2548802594497 4965.032064043415
387 9503.134149440855 14732.23072722846 4801.730866038735 1555.4316380315454
388 6926.602577121741 8470.034767327463 4529.479462958096 1406.6229656111343
389 14379.413133493386 13621.459729360646 3064.2223467402923 979.3408862781662
390 19852.573889052463 3601.4650986965958 2535.2316644632724 634.5201569978141
391 16686.958938354815 13851.586328490579 1947.6225328519006 2467.1622232348827
392 5435.283522939586 13767.176820571058 4782.83541753201 3326.5266856164285
393 9436.172150480577 13115.89545519328 4907.567027369089 831.2677447440528
394 10128.529398125824 13690.632931129534 1435.3076027641082 2127.0890621598087
395 14408.473946652428 2424.91415064448 2157.2383658240865 4997.346278118732
396 15447.503283735376 16285.52070311094 647.8798039459831 2115.6781912795896
397 12129.572064614327 18188.779418832222 2006.0245970606281 4165.0805217151865
398 7250.989680405166 7712.461948333108 1533.2761109455294 2182.1557031864786
399 16316.055953403116 3191.517698538846 2433.410941358455 1597.0012521469139
400 6587.306460414838 2944.3860083988293 1564.6488419273742 4455.057915088867
401 3657.866495719903 390.88967036880047 1590.1844661338678 1504.1202996912464
402 6280.505045018458 5936.438259371172 2623.423737391521 1244.2301631881426
403 6066.935493499995 18766.34516369109 726.8934933016699 3206.3229749991383
404 5290.592769397208 5685.295778455637 3840.922407947144 1794.8786419899004
405 7061.395380397954 7152.839211843538 2189.077932713183 1546.2419259647777
406 14832.33513900658 8465.821933969817 1777.7404027640212 4699.0822804048
407 2811.385607669263 8311.030982454913 1718.7212000661482 1280.6814072794364
408 3108.0427731567092 2939.898585630988 2817.8487704287318 1941.633484076179
409 7356.913807276178 7268.59805157363 2922.9442024915265 3587.9293741886427
410 3314.5610059828887 2897.2064177057905 2404.3093731458766 1530.4778623455422
411 12900.395520160548 15469.904794078984 853.8470119792844 3376.26515833171
412 3144.4130019904433 12032.726986618316 1892.8747032912202 1792.0992374341718
413 18189.15551764805 18969.63049954787 1062.8620011703654 4215.703054806974
414 3624.723751175614 3649.9428861866954 2577.190092020149 4112.310843829644
415 6978.665625246217 9459.747152321437 3690.9053462263646 1406.0509562322127
416 4529.529678935355 11101.255454032784 999.7766630038999 942.5958964466361
417 13077.201826459037 12008.999045839464 3997.42562748919 1545.5740587915786
418 11993.59729753412 18813.807237916244 2608.1045799416406 853.8140614052418
419 3874.022434380272 19398.3507018827 4042.4332084421717 3529.4441869704306
420 6057.962334894379 1666.2065383412146 835.583501995903 1991.7591210067412
421 12626.652182113943 1979.6469512419912 4425.332150013723 4818.03104596778
422 7155.890512253391 4199.808381585004 2371.095723504209 1860.6540682032844
423 9508.149388785685 18024.139536398314 3280.94536657757 3148.5385823333527
424 6091.58849856852 17006.699478603306 3497.1842642959587 1874.722121194534
425 6940.935237570444 7256.620987079194 828.5968602618099 2942.7142273584964
426 9804.051424302625 12880.169890671279 3117.0102450496574 4757.028125632414
427 2867.48125986043 13939.650248893586 4820.360140208199 3209.269932171492
428 1175.1332601533359 15228.228208073528 899.5941584445811 2856.300644944029
429 14326.358658846673 3127.3062887528076 4659.513806846566 1519.6072563412881
430 17408.941785659263 16804.793799102605 4938.111083821036 4773.783743333436
431 12838.241037071068 16706.098624084145 3810.442072185657 2709.7726419027867
432 14920.225324937286 17693.10532509478 4004.1086568833143 1799.278023792998
433 11674.823994261596 19569.89351296857 3282.556487156558 3997.5769443385625
434 4044.066444138925 9527.190500673412 3634.737775897398 3687.1029738756906
435 12614.568046191123 14404.42322999647 3735.524663572668 3287.4896638703126
436 7726.640082455445 8707.27785941206 1152.609692803338 2129.506685081871
437 15745.378663883743 1338.9238303680445 3253.6685612898304 3647.8399428278954
438 7469.381952454194 9582.583167240615 2675.3756880147766 4884.763972164995
439 7810.428699314266 13418.874459934195 3926.85771951067 3547.302060747657
440 2394.72909060213 13516.776378933004 1055.9747447663858 3388.036709411362
441 19108.990690553055 687.2949383126365 1380.8311033637438 2895.183129683904
442 10689.598349414306 5474.47989856488 2746.103308458243 2446.5133188681802
443 4208.56445424571 11864.083774212164 4666.103477976545 3680.39150929899
444 523.3675843880999 15435.403100929378 1517.2015247678287 3054.182195322712
445 227.10451513580728 1660.3832707478489 1286.728239789803 1016.7233104373222
446 13913.904170055292 15422.559875340123 2626.1204302580045 4184.511744333513
447 16915.28484143488 12309.560612537376 1763.315791333311 3651.2637356989926
448 18018.701089430975 2379.7334056418754 1030.88282927188 2688.6891991889556
449 5950.218382729177 19795.852467144403 3972.936879524683 1263.8052896827528
450 7052.2931156479335 7774.635832866424 4760.474827880712 1003.9025421441067
451 8874.661950134725 15875.63428984879 926.5844817670229 1708.9643726971253
452 628.2404135936338 8490.430761887848 2005.4746788293082 4798.906896791101
453 6126.241536500253 12437.289291586372 1857.4977863235144 2559.8717238364898
454 14840.27999416433 14959.234175603855 769.8555483060612 1861.673384641398
455 9815.45757924243 7882.429462206275 3014.8276359277943 668.3918038652832
456 19844.268443600784 19597.171324894825 3698.037520269169 1699.3907908659178
457 16983.129916171943 4799.886756034518 1723.2890132670557 4968.899799504315
458 2263.845012084537 7892.8489191950575 3255.6191756294065 645.941031714471
459 11770.71636801802 13372.14937623524 3944.4699270714914 3758.840794707665
460 3367.061802342641 3323.7465576628742 812.132465411406 976.9666513917036
461 1167.159159841528 67.94136400851414 1593.9344498869602 3904.9097955318257
462 13313.989183075864 3133.0510029327884 1672.5245805234013 4123.996189303365
463 10462.117268998978 14780.95493188575 3392.661740580263 4039.5935906873015
464 19182.727126448444 4354.065914449295 4610.652755875204 4925.849616767986
465 10029.540633169054 8321.576271071634 743.309785901319 3397.9973163747954
466 13413.174865859723 17689.737606420298 2810.9310649677104 4860.266275130279
467 12257.105568194534 11138.208811272292 1118.3487482028036 2313.3626460176865
468 2935.3508535009355 12471.541936722206 4094.96662617313 4810.554388197292
469 3817.2591760871887 3700.867190405581 3490.1939512964727 3152.377845266567
470 16328.102075415864 689.4623131458742 3252.9574141789985 3809.5737643721563
471 785.2595806898635 12596.919148576688 4104.528371667678 3383.7591837647133
472 17665.65761358607 19651.861970419217 2301.5916246072857 2780.2187213159705
473 2622.906577103384 9489.63925729302 1603.3097106991718 1206.0496380117245
474 3506.5285655129924 8596.507671818748 3113.5500423108333 4128.045336263731
475 14383.041282737699 7146.913241756495 1459.0437986395086 4110.900065984317
476 17594.31624250719 15303.467205959396 930.5846635349901 3049.9981973389567
477 13353.69087166432 6414.456548720354 2839.0943148601527 1076.8403543286668
478 15230.934124422949 15746.04141209341 1985.4491391291913 3050.8512178807823
479 18839.748325671208 14451.736457742216 4990.290902660699 4659.9986283898215
480 13192.663239414596 12155.442246308243 4787.2072893170625 3469.769620739786
481 6221.138975916148 6887.135042752138 4478.9358705216855 855.2349712033571
482 1864.1629229841055 6321.9398914119065 972.6519016022036 4535.33081750284
483 15976.605629347338 8567.492037828597 1620.2653361212824 2935.277909028744
484 337.5133963513427 9481.726691791211 1642.3802793874609 1362.412171220672
485 204.06366656236298 10302.813032257216 2495.1540645708064 3480.302686689802
486 6510.541896148164 5284.23368195064 3221.6499740667496 4568.527779400731
487 15460.195102515709 19781.846597048112 763.5222915998636 4154.472867840915
488 6577.6222674468945 666.8494598952581 4494.282490018514 2439.4252227231646
489 2429.6226989609186 14483.831382861204 1385.4721837117195 3916.4105427118666
490 3261.524283657252 1436.7850059671139 3188.5820308020047 898.0547428591515
491 5959.384983401006 7760.330913012571 4900.564798769483 2320.3708622539807
492 14085.652805497866 19858.759121485906 3158.762538276079 2360.7686286835797
493 18000.044406869187 11594.355532713364 4835.310746716968 2701.464005303839
494 8376.794563712845 11472.70703879254 4556.363601081288 1581.0924548690678
495 1063.8350847632398 4883.8767994043465 2659.4941484044202 2989.3351342981464
496 9216.40115913506 15142.726522060413 3806.321707370364 3441.470901523855
497 15584.874905925952 17146.68882174942 2880.873201799807 3492.8879296577047
498 12505.91725454781 359.0520553878439 3305.5123983756034 3314.5352220526665
499 2139.2180590534117 16665.11165714754 3747.1381856398934 4059.7301520610986
500 13077.815220349785 5350.261477455702 656.8385516125383 4839.214298885133
501 11914.146576283443 16824.172606167554 1843.801032514094 1903.5706619033035
502 950.209701058034 15380.699201180701 2478.9184883494854 2472.5639144734578
503 6728.606981500664 5740.105713497044 2745.416044855872 1197.5595515193572
504 14980.239574180227 12142.492344865303 3302.8953209357037 4705.770016418575
505 6674.645998007918 581.5463414936086 4804.832319818955 4659.643814515159
506 4923.482931233497 18429.05437394299 3378.3198047753926 906.8382325205225
507 5988.186798545731 4312.46770191738 875.660755167894 4898.377641839629
508 4416.8356036613595 5491.472126055741 2186.3903961864094 3692.0357663682234
509 12371.422271011594 3699.64549861154 3992.535836650176 4771.561002760037
510 1841.8253991086133 8648.524625616972 3680.598010043644 4571.95479147485
511 2214.224070435673 1816.801705379372 1794.2367162635928 4468.807597170491
512 18622.175403530593 13906.04392467092 2369.2681734968264 4258.1870458551175
513 15534.060125792079 19599.50389269697 648.6997139557333 4932.908625740404
514 12703.579779119536 9429.826638673714 4667.678088541519 1199.1205689239314
515 11098.043013595523 5647.382013061428 4512.453789516754 4083.6933126766135
516 11657.340091531953 16201.682496719575 928.3412129914175 4131.5576800354465
517 3454.207877223552 17233.43632691114 970.1946393209759 2843.918541136696
518 13825.598877110831 1441.139638317475 4024.988070979663 2322.970423454142
519 8977.34460592949 6066.194749114254 4525.918022573589 4233.651274236778
520 18890.587913990777 1298.8766408743459 1651.2760854116816 2279.9995075271954
521 15352.116960025724 658.57485457208 2039.3411219100194 2440.4850811794763
522 9676.327750085205 5134.445370833337 4494.171914954067 4543.963025099882
523 8237.69145899033 377.147562211636 4986.718984182775 3743.797514870168
524 15631.020022254359 11240.402344208034 3206.85501515742 1141.658597477313
525 6159.803257510722 16460.225887544584 4279.929419344597 4555.019306737946
526 19251.336824462014 16565.50649467982 2501.266150560389 3764.4113940364
527 17914.310703109702 3850.5822137681025 3058.7493081363887 950.58590473148
528 16515.672354288992 9743.43496057051 3757.1578197232107 941.7088476417473
529 15938.968579492515 2244.0850127193357 2007.045264178418 2373.3384791655567
530 12160.907545223636 10644.885849181694 4904.066817891233 4997.325800590077
531 16079.234036521942 18109.039073484677 1793.9238549283834 4288.00343112495
532 16368.421698465698 6139.059659641146 4115.386628559067 1893.5621893385876
533 4038.3141993639915 8401.533107710588 2303.986591621032 2655.279056923804
534 10622.987306932751 5845.6837786304295 4567.878422433153 1629.5307064544
535 854.6198331374871 15972.217747858223 1129.9458493328343 2878.542390721508
536 660.1406288356228 3914.045156476653 4948.071073030145 1426.983642045932
537 18959.53367765918 3615.9714881750283 2236.1691195275016 3295.640630395161
538 14940.403864683425 5430.208100786331 4544.38568265544 4283.035806835245
539 15324.12398641815 18321.916915830938 1594.8390368821122 1131.8857322882307
540 9476.772839152269 6385.048630492888 3930.011831519375 2795.065928679597
541 19962.447289720683 19688.983107979853 2075.8858335434925 1667.990420944541
542 13824.19985450964 12459.307877938238 1066.304264962655 3839.0639195348776
543 1559.1755198810117 1440.2608143768061 4605.834324401178 4992.862761642523
544 291.842579956841 10184.23610320392 4977.893881213862 1204.5251686604333
545 4549.156922836801 13908.126411275189 1242.322487416874 877.8698068491606
546 12252.914875258413 15376.832497006648 3427.084077838214 851.2040954549738
547 15862.288395676478 11680.152543763174 3929.603956202398 1726.2287984896261
548 1457.8887154991803 14901.734452214447 2668.3299176508635 1366.8310348417917
549 8733.139024877943 11895.545499358645 1601.9313361414793 4961.408053053831
550 7996.07543252312 1990.4463008697164 4133.339816014461 2017.6890767741518
551 3877.2798155079654 17696.815726344485 3500.050597158306 1684.2927808615702
552 2954.915110264595 4463.028118132732 3926.31393178101 1557.5422451348686
553 17864.18645331915 4012.1237439875445 3892.6823312358765 3942.365873441087
554 14814.619744736394 18192.651053012283 2220.073341509372 1665.8246280583128
555 15478.473492136423 6948.125736198444 4403.080220507521 1060.6898136224813
556 16062.020847513382 16020.808465823031 2200.075457813842 1590.6630302624208
557 2326.9718744334914 15238.306880917113 2438.621984884986 4524.860697637316
558 9286.89182199232 2601.329881011977 4194.2752752055085 1519.1535601256642
559 3462.223603545032 7244.421695204922 4363.401327586695 3541.849133543948
560 17457.639419688276 1944.5035972736298 3682.154356808773 847.3173318926256
561 9276.680096109365 6594.379081993194 1416.9410823128976 1495.9452792609013
562 13128.260704109438 1718.8717300843282 2495.2614961775535 3561.4715277673167
563 3336.3666133864567 12037.976320201833 3410.9284496760865 2571.295845289378
564 8581.834587704978 13361.020139407185 2464.8771875969132 2292.9161284754055
565 19420.74609844899 7108.387728736305 4446.400638851885 4442.816741743323
566 339.84601464613615 2170.4877718107996 3601.8129461069793 3085.9095415657935
567 13433.356205922984 10346.114446344867 4158.063203285954 1381.9008063519304
568 13813.40851999011 4519.847267948403 4675.009538587448 1549.5964286709445
569 16314.192830591424 19067.586743440497 1743.4489327472156 1804.6290436714373
570 3630.898011810053 2976.737909499003 3405.0225446504833 4691.003106459888
571 11853.895138482416 11928.657361064355 3970.732472087792 1010.5180607135524
572 17908.2849657269 4798.980980155734 3162.7758436640706 2950.3380272805875
573 10438.290115660346 3129.2968795739503 2713.534530262933 2754.4555952505466
574 4514.39789115824 5501.156940857852 1362.9968872975614 3032.3232663167732
575 8733.99532857948 429.57197057394905 3359.6803068337676 2362.482507700188
576 8526.81916158182 2589.4325163297913 1233.9936911007112 1235.085402770455
577 4332.079758895665 16765.61602499047 3094.74249693754 745.4111199383001
578 9239.77528155752 5624.05613566313 1013.8267934636497 4979.287756628124
579 9391.980221285474 1045.0241814730741 1551.5993577869929 3570.556631999552
580 2821.3862976375362 13862.547800739514 3758.021139655896 4941.554449737438
581 16832.907533474518 13923.291821104678 3527.888497160932 2384.5088718708384
582 3427.161026177344 15665.110362262987 3186.512209764111 3399.0548196209998
583 2433.2660588221593 1585.873285486461 4789.589608650344 4346.605387667312
584 14994.641648627727 1177.2598085814186 948.4020826799338 4054.54509800591
585 11077.257027785154 6353.952595102094 1601.8587179107458 3468.2229243598676
586 13611.09956009779 16593.906528791533 1013.5955287009381 2696.269471650192
587 9875.045444709438 19260.171893088565 3225.807211563115 1032.7389651506223
588 4863.994012003849 9861.516619469945 1638.2534545777737 4785.04296312591
589 16735.99771773486 17488.13019623321 3309.9253819051155 2557.597512397465
590 10699.112878283422 13162.050052720626 2804.481293057331 1223.9114154798854
591 12548.34626986351 2539.9304550561255 639.7729310327376 1097.0760258119108
592 14243.905658840855 19991.304543264894 2126.2739650581193 2862.6153578632916
593 17720.055368548823 9339.008657055236 1456.2083540984258 4271.0876537327895
594 15720.940691225696 16988.244296545556 3320.5864289156198 4342.23021045858
595 11833.33051739159 4456.290194822569 1713.036234261068 3328.592225950302
596 11818.396655925546 2552.4575867890994 4039.09797298349 4606.241540308813
597 439.1344724569224 14245.837495817961 958.3805894549732 2714.760419537283
598 15106.305678649029 15535.088052201609 3956.427907774196 1709.7341655452742
599 9803.99381910566 19738.24336664967 1390.442697824386 4682.538683214128
600 2971.0675074518526 4009.257256105931 3163.0632989925907 941.0184042125737
601 5251.374877863204 17661.297584486794 4608.50404751112 3694.1155490225447
602 10218.927778332756 17494.406243254947 4211.531365532519 4492.316824969959
603 15960.839127810159 18690.839324001947 3607.3001988417413 2969.9104642725233
604 6882.371662545033 17837.558566612035 4833.539696920171 3440.9225714426098
605 18015.483218101035 18033.92122585133 3252.2116639943474 656.1371304601347
606 15873.780675905156 10567.606316692329 1671.477955211653 966.8465181259853
607 17143.935640566782 18683.232441820797 4197.509276870796 4943.095431605155
608 17344.408607648147 2767.8090174783833 1074.141524227946 3175.4215489934386
609 14230.181049549783 9448.447404028686 4141.228609748192 3530.854271076404
610 10420.06686332911 13366.591329379158 3355.900887984732 1880.9691644324503
611 6739.216947026963 16919.445301184507 4508.411482725152 1050.4063450886886
612 6043.371390399026 10310.750986436195 2337.8562922494893 3809.679520488703
613 4839.14722916114 1318.2341427324482 3701.689181519568 2929.398894367468
614 11415.707244812682 18095.31745489724 4540.637794731751 1261.4931888705291
615 15395.892731337179 16255.446842595138 2291.6520395703055 4626.107911164836
616 9525.049148316057 1199.112313521662 3448.5752204797236 3233.221104512048
617 19473.142672603633 11587.54113992595 1075.4153316210316 4997.062283885825
618 12839.126992393572 11992.089029818273 1215.773577654847 1004.6334523003312
619 10933.103644577923 16819.838057710385 2425.3399000020136 1224.7988450131663
620 18304.564371683427 1326.4274896925954 3335.9430394358683 4395.040077984977
621 8278.272497053005 17937.821724723188 2995.753385109996 707.9005478921624
622 5756.965692845957 13312.528743165212 2618.4049576293223 2587.282788330759
623 14321.717645752955 19874.540497218306 3338.8013334105726 2809.0110667162244
624 9366.458476388138 3650.0237896765393 2656.8120377965556 4894.360823032324
625 13972.638861626001 6503.749429704731 3651.174012925856 2042.4696143951062
626 3673.738546335041 4425.990464593064 4639.407573180272 1707.8973428923146
627 1585.4991047781016 13810.07773493563 3575.0749115024273 4164.366449044834
628 12162.786131057352 8262.407949469718 2038.626616450237 945.8429051647197
629 5905.275963904336 13162.71626211006 2207.9813656952556 1438.3184842375206
630 4498.27621997456 5284.284876031157 4100.026511185799 812.855210306242
631 5713.160909138277 7323.674938858 3954.1523326677957 3072.318106095579
632 4515.831865677734 13759.757390729574 3892.3921429881566 4020.2084171086935
633 17478.663187089092 5889.0369417709135 634.6366506180194 3083.9650125036683
634 18438.854034350803 3359.2028331198935 2296.029411991087 1214.065895138629
635 6141.37252862142 3711.808123612799 2099.9091818932948 2169.701028644394
636 13907.992586151557 19238.280238570347 4320.79723662846 4762.309508525881
637 15703.229774045549 2390.166491774539 2900.6995509810426 3037.018603497461
638 17287.185855389274 6300.754501076122 948.3564395114647 1099.0364795992443
639 11990.399648411983 13121.099981875865 4493.691379858223 2402.636432838315
640 19561.583658423122 10302.882165502691 4538.694449296279 3637.2206111717524
641 19136.41077825683 6315.893727203156 4132.451234233495 1489.8461490486602
642 12568.06519262428 7899.742901142401 2433.9275443322576 2283.7189747924567
643 7721.919969391444 15966.882766053743 4846.297461633702 1651.3957505638266
644 13996.876376097567 11282.10577839944 3409.272490065892 2495.1105738341357
645 3312.0208244024698 3162.8732111760883 1014.7252498346475 2049.9012861148
646 17478.5372888485 15789.499835026063 4695.111330769314 2031.517209009129
647 16182.586635618332 14928.80824690046 4538.110518293606 4883.861615338064
648 484.8716403552888 17430.928277284136 4357.938638708542 3025.211073098486
649 19271.971312763195 4116.530456717175 2316.2712885576684 2203.391924596481
650 227.89190158700328 15311.46318104697 4614.434816614084 4193.313365217216
651 6492.229098751714 10270.42931363889 2019.3484286991786 1298.1902728471905
652 15259.772910187445 17153.463396099873 4332.012315095908 2782.1220792700974
653 8504.886605773974 10227.115988908783 4635.729137052482 4600.216475991776
654 13970.751238995372 2816.7088230754284 4052.5021305977775 4296.73015720301
655 3440.300506470384 19931.734227643163 3584.7836577761095 2958.5500555996055
656 17557.827052755805 213.49760924574306 1247.3208790843175 1987.0427028328775
657 1389.5347082402654 7076.684099319368 2464.9773555339557 1644.9076447732168
658 11105.254192895638 8535.349912615626 2951.2212374555797 4306.770082508597
659 16770.581346848634 8299.846976559656 3422.555053304715 3163.4771490363228
660 359.42555241381575 17181.66550150872 966.7399549511376 861.398708430854
661 19631.839405049985 3954.2513998287236 1358.7310347121424 2097.6320401122134
662 3929.447235388245 3140.250663301015 1978.2237541803281 2836.984503314616
663 7250.304335168136 12068.011930556886 2865.169817853444 757.0954761485625
664 17926.521358872888 13009.262791808478 723.2994217523517 819.8918567198632
665 7626.439094029575 3393.946293075357 3143.7097651724607 2892.3081430804154
666 4867.073226992905 9522.19384036541 768.0812151536365 1539.9853926689607
667 16573.857472978132 10006.355010347363 1078.586582193574 2559.4763713443444
668 14971.4614470944 18658.916186559672 1522.123051055306 4186.302081020423
669 18760.383675278717 516.3655320906126 4654.219782911346 3779.8274130124723
670 12235.499010774694 3156.5021163798374 2472.5168189477795 4868.270878711496
671 11516.586313289792 15709.743015685337 4833.109845557413 3344.9949795531716
672 11638.35671537678 5927.711704833573 2099.9039322884946 4712.929938165759
673 5081.1982617657895 7152.743340154006 3163.606805764629 4487.722807721296
674 8074.029009442098 19578.895082338273 4557.69405561653 4757.491741983542
675 8017.382078055931 276.79482324338807 1328.6787519818622 3413.906887150898
676 16436.09360061994 8875.657618091818 3075.186380865922 3063.2851040242963
677 3086.222526192824 12557.173757201534 4622.719253570325 2580.8464578922167
678 15435.397556671034 18081.756202586206 4916.058327669999 1164.947494521381
679 10348.685283035336 18284.276408504506 1757.3844811081826 4770.635200520882
680 9847.420412713707 16915.05078330703 1665.4252089876336 2427.6497765763756
681 8384.909181172794 13334.714918318177 2184.5917496803086 1929.2575650107765
682 7584.318312858873 4566.693221391222 4197.665338944299 1725.8971948047104
683 9596.561115535658 7100.1927966038065 2429.98067087682 4518.184466563052
684 8585.462418013789 5086.431990724832 3813.337871454276 2494.8282563034263
685 13122.920443634659 1076.9621250050886 3302.1865501730626 3305.056059297821
686 4960.784130129366 986.0644972794606 3739.2212128912283 1900.2880938922035
687 11212.980306406373 19409.818461933697 3019.1022706628396 2991.843494148587
688 1428.1944775809964 3398.129740347389 3223.7482710857007 3521.603881517733
689 10811.18353035305 13884.505737196087 1975.7012682720786 3641.3671633779563
690 10049.37756117316 5060.069704611537 4850.9150842504805 2777.2093380977967
691 18473.20491981907 1545.8917070990326 3254.8976670223724 3114.006191632579
692 500.206837104313 11811.983756190526 3400.6794016923254 823.9637963244862
693 10998.49996160509 16876.75065202948 904.2122999343405 4913.526886144635
694 14851.849514569332 12171.789657797834 1356.0646341278143 4249.960783805947
695 17334.276131178023 18633.79748438764 1654.1316343681162 3982.410031878766
696 10239.828643622528 19294.732146256807 1609.2258888837496 1887.4581417930651
697 4642.707776630972 18801.577343151308 2849.895902064689 3771.0153449706295
698 13371.330782330202 333.07297768767177 2071.810497617703 3227.0575738062257
699 5801.512077376514 6454.437562428253 908.836340722646 4212.903063132026
700 2209.637590998056 8856.850346629104 653.5460945112663 1234.9669866618256
701 8528.422490212275 6421.966281578048 4749.397059402718 4270.962494562578
702 4290.629057219859 3955.2014987403527 3432.383824434707 2212.182830671253
703 12485.615584868197 2006.5205089619396 3542.7100400678296 752.8088012016501
704 1393.4891916016954 6312.368050846843 4082.0435746218263 2726.1471444222243
705 15280.814752861002 6902.347408386429 4559.597555697808 4789.288249017406
706 7322.023024420873 4446.088192343757 3217.0282014922395 3849.0822302258957
707 18356.417555542605 10483.66930284659 3965.155460742325 1072.5915538028478
708 6072.083101388957 2910.6170804094586 1235.0582772166085 4229.39556870214
709 6803.176399710795 19095.595534758126 1948.538958699528 4421.161113359325
710 16212.849205528666 2414.712808290793 1355.8425116676729 4080.1721206752018
711 2950.6140653445477 17464.955983323638 1207.8218991673443 1048.2419662910509
712 15379.172626728508 19887.17313139295 1779.0813734377539 2229.7402700174316
713 18980.862630626067 2397.9553710901137 3980.2499296305414 2051.8122441945898
714 12256.677146144903 17158.306071796258 3464.3454762080187 2133.132176768592
715 14285.764723161376 8670.778401352836 711.5403442823483 4246.341409797404
716 8384.304686895774 12216.040175684135 821.5116876915141 2610.255838716066
717 696.6738898050353 13572.03780042567 4075.600827842318 3322.4404787813696
718 1936.056399397793 7783.943146256592 4258.659127634859 3403.7439185193784
719 17879.592546832013 5267.744992792465 3616.284381071536 994.7469175624351
720 507.9285001529494 19772.9905774251 3339.373589961379 1360.9601736425768
721 17718.426703516823 11810.286768738793 3358.0512830018224 3717.2387970818236
722 10746.464641871411 14667.987062692166 4588.209795136295 4731.763608772613
723 6088.463425379424 7184.279346844216 4124.146941250832 2524.273839783191
724 6772.408719492679 9202.9263856184 2646.497867268598 3842.933216829285
725 3913.6510218456033 18339.635709789243 2025.2963192352101 2279.7883070289718
726 9420.486143803164 7785.206094805563 724.9759851817333 3490.4714224546237
727 13401.026199006586 15867.450753639234 4933.978715265621 3436.2007748998494
728 3105.6361413675954 10278.458629154273 2079.26004506097 4018.5401028036954
729 14097.752844055261 6097.858807143281 2901.1691699682815 3149.9337687587786
730 10341.580619765873 16344.911664169034 3567.903524105284 1052.2317225532518
731 2563.9737335090267 10659.819711941189 1682.4738708872037 708.8902897994237
732 16962.450213659966 956.7691251563093 1948.7641989269005 4329.631660722838
733 12191.156316304743 325.96955594460815 3808.5712868567684 3419.3396521083
734 14748.285295278927 10792.535876697837 1430.0110792552368 4050.695818844847
735 8989.918825985915 13265.98906417658 1332.989638657532 4797.696279308926
736 5808.539995540596 10484.708273449794 2550.4552467163926 2800.3130746867473
737 9222.089903349453 1868.308768672165 2468.9262805045637 2795.762389985109
738 11809.453526309453 11512.493181403745 1252.6701102144198 3472.469884795433
739 10568.189272543823 1705.5043712406834 4528.508240526377 1494.1450674967964
740 15611.91332879882 17155.458499818495 4221.278748261668 2422.1512331363897
741 7022.173507667866 6183.353146825086 1337.7707219129193 2263.4220798452193
742 13953.503581476589 293.7683318403406 4166.96504691741 1686.7699123437899
743 18251.7969682563 10045.666157106813 3407.2836196524477 2011.968754376927
744 1919.7101163834793 12751.88856692702 4292.691250165886 2985.2205204953852
745 5354.90184518373 7846.330188359606 1708.5137158969046 3789.4469881993823
746 2846.3795573182647 1100.877158146082 3789.756649964825 4936.6310138350555
747 4524.607308816894 5157.557198216908 1194.968683891867 4508.36536853511
748 7576.36155041142 2803.219880759179 782.8950869351872 2503.672612652387
749 12143.705914964046 11184.392357919978 1309.5107611973185 4796.8217250647185
750 12443.976651881949 3101.710950990664 3109.521760748471 1198.1662557639388
751 7166.314859983117 7813.6538863116875 2925.0696161735063 2059.889240412983
752 1310.4957327855896 11425.907599866981 2527.587225844514 1835.1901447016648
753 10333.555116620537 15078.990680833958 852.4780412937373 2808.588582762961
754 889.3089772312501 6105.854342674814 904.476083484215 4586.135998110345
755 9838.575787843301 13884.81851015339 2972.6219996817667 3370.749072028523
756 4074.3356866288686 19933.831360551576 1540.6974605167497 2371.749928830644
757 8403.88378856647 18221.996427363425 4080.9007407002405 3412.3536065220337
758 15612.969358835904 8255.382955933686 4522.542371793918 668.6523122633355
759 16120.895237921488 1288.4765155423472 1863.98182309588 3057.3648278752075
760 3339.7184495997535 11776.353581315576 3165.5664970913494 1128.9291006226213
761 16483.209943031165 10612.041949256 3333.4961606039665 2555.902266276499
762 1411.7759975176173 18996.000726775354 4071.8380463437375 4699.953028830489
763 7774.380349710303 14936.118284612192 4456.268506563103 3970.452414271487
764 18948.621841750104 13614.084167331668 2260.3209792797365 1432.7536435570942
765 17329.229029856797 8120.621260270438 4804.965434869512 4794.62894756518
766 18052.358277364023 7009.74702627373 1697.5346596837549 4656.249548190397
767 10986.943237570913 159.1013342650902 1286.5391373620878 4789.031549313106
768 9604.375176646616 4980.230933374267 3086.9178244816367 3443.5658549030422
769 7280.776755170491 6444.790302864324 4613.916482402021 2146.8357643701424
770 3997.484187829262 8849.35838845971 2145.659656060547 3780.8550140106577
771 7129.791830157399 17081.13890746802 4270.724706918574 773.9811534367747
772 2224.867579410309 383.8183164095518 1307.4792744104016 4421.993516972915
773 4462.280461292851 5032.2888546199165 1226.4225712200837 4231.255859912448
774 18481.317913340765 15689.854637733792 3802.9132055973037 3772.430365694658
775 19124.463580332842 8860.441290715427 2972.417757815014 2735.4127875135255
776 15712.118489792421 12364.910238726947 988.716793287572 2554.7651015466827
777 8272.461887489426 13688.206221374207 982.3899807739729 1955.3986401336745
778 4361.785171189632 18802.32954294941 1565.8332981327699 2759.014057341797
779 10374.069543571562 11651.289503168695 958.1497402648249 3967.0647753423623
780 18783.367765881678 13375.021199280092 4881.582424309482 2939.6567525684795
781 2392.637420874071 18634.079258586 4260.718041893055 1495.2363215180203
782 8707.998214621259 11412.619381326276 2140.932439493353 4931.094374862773
783 15464.234299109889 14269.876713550106 4584.31077020345 3320.9672548914928
784 272.56930713936293 7316.805428416138 3218.1538167647727 1218.1066755628713
785 11457.59126064689 5337.425467651719 4140.3225106535865 2102.062343473808
786 5811.600830421127 9314.09512902704 4904.102495542519 3450.412813375327
787 3419.2250763338425 18149.305140560657 2024.4594868272088 2386.458659904554
788 8145.076861185772 3375.3284781419834 2997.959563568854 2161.791325716813
789 9527.712372328539 15748.911077966797 2212.853106009335 3720.560344584732
790 17295.81374895109 16041.455926644776 3304.0105260554938 1776.3869075487123
791 4065.75520413669 5121.082714704836 682.9822975050754 4428.74641737602
792 15119.584059926914 8663.54733518478 2869.8444482905707 1294.230798680535
793 16558.36403577236 15659.683245564518 2417.892406330172 648.8746279251507
794 18838.950447438423 17779.040613949604 1614.6679215394452 2179.899772341883
795 5258.276918571457 3454.017760581167 1047.6041390195314 4269.391628342221
796 388.02327162577274 11509.023842057051 4070.013624072195 1710.0884873558914
797 8463.830146788303 7373.293725171925 3733.5351617032734 3572.101095406341
798 17567.98017379816 15494.105813071608 4268.58806557842 2521.261948629731
799 2403.8291013183693 15766.731857972198 4428.843612116172 3120.349422204834
800 9639.310991070899 11066.697579922313 4856.779214999267 3682.7037212928476
801 130.94878634468148 630.5501353223125 1538.2252337299062 3035.989038640704
802 986.1840424219324 10176.74007342004 3772.475746742031 1980.5829145214473
803 9473.59370675936 11437.996826651774 2014.162181526149 1999.9675127795422
804 9151.215661270171 4332.144385629446 4049.8701548244217 2300.4645812088092
805 9182.865489087331 3893.462889907955 3265.615037534037 3255.875466038579
806 16255.462775295435 2630.174648818337 4346.842873934027 2625.6054220817123
807 6687.560263464955 9202.987962329753 869.4887577601135 980.1231128774234
808 14413.04789101954 17209.33643778374 1372.4537122158572 1388.5618180475658
809 4871.368566728656 17424.941678995412 2737.463248473553 1838.1149416132444
810 15154.240726844266 19039.635902509413 2649.9888066462845 2687.037484962977
811 5345.036953137903 11030.821446228687 678.8982842656587 4728.813882730564
812 1813.9371507853523 6066.738196791758 3983.195380311419 4093.179908945019
813 5076.538482499968 17087.729748207734 2701.140323765873 1715.686390607132
814 16720.37693896734 3319.981766485658 2325.426497947773 2437.0968207528476
815 9635.929256397969 3451.8674044686513 1888.9504232275674 4223.053484991571
816 3490.5273843524365 5285.759046077413 3880.156395130325 4609.863682519199
817 3881.97769606815 814.2779281009907 3858.8006749405276 2933.0540249554792
818 7843.752619785759 5569.99977321174 4992.094607834708 1401.985094100909
819 16138.033667103135 8729.361917367678 4882.0454578454155 3654.17125442781
820 12103.640768373447 16368.921453850158 4566.372319228897 2531.371418951839
821 444.373043076007 10641.917469237093 4050.1943078384143 4616.012091927409
822 8638.37692508633 901.4285005677108 1884.8037563238443 4165.706142031777
823 684.3444984631182 6640.137286180655 2595.5209757204 3985.576031276817
824 15291.8948661021 1456.0170234463153 1333.2209677404753 4399.299687126984
825 3711.149593030989 13128.871686950139 3988.837754629215 1206.2780490392931
826 18119.152819548217 3357.9525904715915 2838.8734552419514 2495.300514437378
827 17310.80323699115 11489.503420147463 817.3925437563743 2691.3983074592643
828 7140.952034655418 7642.9783971417255 2816.0659589364277 2748.395731263677
829 2943.5197346565847 5413.909970193893 4901.25934645419 1148.5741524060682
830 8598.521090285562 10639.962145067298 2763.5739771395924 696.6210640130329
831 4230.894423442827 2482.918762798107 2610.3733404091563 2875.082394894203
832 15674.829120172297 11672.018009231853 4112.969020877557 3565.217478359456
833 5809.054452520743 7516.883165007094 3024.518704269576 2210.127131155276
834 18672.77741912055 17072.152012053586 3451.985169202055 1808.437371871964
835 6382.688273947353 12786.07609438943 2161.1687966772847 2595.7964830635765
836 6092.667199049002 6931.073600449164 3945.969814046429 4606.793742388994
837 1109.0046991687373 5855.553078278909 1035.604787983923 2848.8154080761037
838 14517.957855123259 5834.0459469799 3101.655264690512 1231.1903254356816
839 4877.931695198708 10517.29742642386 1706.1379873859917 2775.9568340043584
840 3620.783602365349 17210.002897422226 3757.1304865360657 3604.0773633539357
841 14671.071399726123 3430.816980975293 4630.7754470645705 3588.9760124006248
842 13992.529194172857 5094.419632270868 1871.7857547629228 3115.3897772850896
843 3531.5181975033083 16541.651132130475 3393.0620361047345 1734.7818609925464
844 8468.635707727117 5777.453454375785 1826.5137900261636 802.520011852329
845 15017.704186258852 15952.491269353548 1350.939376677834 2671.703680631912
846 5265.543016665918 128.56807488373244 2286.010114158111 2425.381685655443
847 7089.636888039531 7231.17923513595 4162.753818543901 4520.332112775037
848 17360.94554846257 5205.014077834084 2434.119289640913 2549.953119418843
849 8101.4252497746875 1873.2391083148943 3312.636328913675 4233.767396240388
850 6148.988107782306 17933.396238719277 685.3735353398115 2468.1752139540044
851 8089.890615510588 4713.047077000765 3968.4566361534767 2548.3186018113765
852 18990.451069598952 2754.139443314388 1370.8028376658658 2067.111795717681
853 168.4605937513006 17039.781343018225 4031.4353311256496 1962.7036255403966
854 18897.811551375093 1499.4234207896782 1001.8477697364139 1787.4442211347873
855 6757.33583909675 7296.39030273251 4572.877245840627 679.9468040543233
856 19511.501338208134 17911.419537625774 3520.554671835626 3765.4944226850994
857 18681.960843867328 16930.191853143424 2078.114232821997 2279.7906660419417
858 2845.3685532901122 19302.516436657213 1995.1680294060584 1060.7883589327532
859 296.39301353835225 18746.76065347052 933.2063498688085 2040.9453874528597
860 16737.979362610793 12469.091867195993 3624.026084916644 2405.619279007431
861 18911.614309453504 5109.964871977459 2597.84743654137 4907.235763489266
862 9270.644072708585 19552.187719864614 3577.770860769214 1675.516218392809
863 12273.284329313405 1697.690037612382 2794.099994857711 2850.6015779503464
864 19373.37343479158 13405.99664558701 1740.1780083965475 4369.154340536044
865 10335.263398858397 19114.05636012333 4227.75944837934 3595.7900918149926
866 2869.9835404644336 7454.048005863779 3031.1464959321834 2530.078790953823
867 18564.098065442133 7982.663298250952 4783.466113387095 2357.735386276616
868 6879.014213027252 2963.301344873937 855.4510558807207 4074.7851457054408
869 18674.46156091664 6644.43994419448 967.0884070472318 703.9397489611839
870 5973.454619271457 18891.617924771243 851.2436500184982 1439.310106822476
871 6275.104998085502 1226.2506242691074 1002.0679263623374 3160.412758940503
872 2081.9214524055938 758.0482007016715 4866.019339285339 3455.4655249322523
873 1685.94290162418 3699.1165481033026 3690.4415709516234 1748.8176602260241
874 16856.21504341382 11959.288262077676 2676.299930606057 791.7056831034964
875 15106.998234258688 19326.250448654264 3098.7812694278764 1425.5108823222208
876 1145.9704264342454 13337.865810884929 1976.4725409178989 2215.5423630772075
877 3040.3322445238014 18050.47679574558 1955.6361453583759 2236.965435573668
878 6704.569053936536 91.6970205270121 4895.078346539399 725.7092976203473
879 9965.347291468937 10248.474580407683 3977.484792870323 4709.433866653712
880 4666.362385888936 14847.568338589772 2488.715141361182 3779.24277090979
881 8245.127683168499 2913.024052966139 1966.844765795867 996.472784440492
882 4439.530795608439 1375.0374601330752 2460.516817765906 1510.5231260362848
883 2500.9629316881287 6279.440051999782 2755.6906031039475 3345.352900259823
884 19344.212475666358 10524.935132369832 1493.5554635236754 4339.610133415297
885 7841.2202454000735 6162.832491603197 4131.739073216942 2565.4028216730485
886 19191.32455656693 1097.9878176956292 3823.98426492108 2073.923569117509
887 12893.827107876281 14389.62211291344 2344.1257302347217 2864.553317813861
888 4973.428997742132 15130.70886228334 2813.4677281979248 2397.167090241105
889 17037.65275347918 11540.030583657148 4903.783637981451 2085.8829300808234
890 764.1114080092327 15972.318886947001 830.7705504546775 2610.5602186172314
891 3486.03954765261 15735.30685440596 3667.1073072868066 3745.0593414404084
892 8573.207214365017 13172.246640719386 4999.263043993824 2137.953104110208
893 8650.614556926672 18277.43012135665 3770.4101453094763 3521.7341591399886
894 16989.535132681216 19044.834166742818 2612.3172831695183 2877.1201094683765
895 7267.766708123816 14592.03227775748 3081.4580210504805 1543.5208094215036
896 10998.332848904163 8517.335199848465 2996.3048444722476 2821.729997006664
897 1492.8948599048376 9326.188161218552 4920.110082853879 1692.516016002099
898 4199.770608406634 941.2480463295968 2796.731044259421 1003.3388946276889
899 4355.935196363086 10175.211459526747 2570.773747753811 1393.2784003113957
900 3613.8844467911285 8587.823799839078 4579.136216357067 3902.31986905068
901 13982.31782501316 10821.927208109508 2970.4507235770525 4549.37651796735
902 1387.8010139345708 6118.308754668893 819.5485824944255 4270.689667515151
903 14271.99146072831 16998.210868780512 921.6862808529615 4286.343742539281
904 9559.718299617789 15592.2461112754 4271.435642685314 4668.124895386516
905 5448.350485672545 15453.698720722221 2931.582040455759 2248.618384133715
906 7068.106106259904 7665.092446323006 4565.719399062334 2166.763627376888
907 134.5392774845739 7786.715399730384 2582.764895756167 1643.1885104380744
908 3899.47264848536 13034.914889855356 4366.742271135023 991.9403235065455
909 251.68600381493948 13633.605390038867 2937.9198863252177 1058.1952371769692
910 14998.674875271081 5425.604118095819 886.8751827559984 1315.3426173431692
911 3826.183659335399 17214.404154555392 1491.8942412861436 2005.979536124464
912 6665.053601160863 133.45746366850665 1249.528192712722 1908.5942524551651
913 6967.606193897738 12603.852552718889 4519.276067005698 1908.994575649576
914 1406.439985394261 13101.483065309356 3656.253821810425 2226.9010588234414
915 9592.845323928024 17049.836124046626 4481.440394623699 3132.4454762779
916 5042.217269059941 5855.940100500922 3719.707140434683 683.6640699642529
917 5596.935038383617 12408.266375027833 1069.8206941544443 1446.499952527423
918 12907.289572888461 15863.35140825472 4600.971654348339 1315.738219701693
919 14182.695311859066 19460.94623733378 722.0284234128246 632.7659732000542
920 11817.29342251754 8922.598855402499 3311.7827378700786 3251.1658261261364
921 7153.163648507796 8135.77207112953 4675.677166289726 2200.0953420001997
922 6645.073243848129 2579.462947837257 1324.1141375190089 1536.1740430368732
923 989.2344415311912 6632.089516438343 2859.1930320935953 3175.9720115517703
924 11995.949568678325 10722.83719579834 3429.6858975234036 4787.541730519684
925 5836.613454804397 14362.839132369281 2480.390950253335 4199.0781282962
926 13595.609933803873 888.5014308443879 3160.986813183944 4693.52985513978
927 10960.626059803351 12902.867529673747 1952.310620603329 4524.996606206751
928 4524.221923807524 2371.4637867491474 2190.9428529940787 4197.670205395938
929 12069.062108332193 19308.334110712487 2808.9489225292723 627.1700030807651
930 4279.483279415737 19150.332493036556 3698.237536140741 3793.1908016282837
931 16812.04161025434 4116.9216134783765 1677.907993604603 3193.7530076817243
932 8133.341004462073 18994.155769064666 1345.2393295393922 3503.8668487380373
933 5417.650519709868 8141.094990072167 4091.637238289131 1151.3919567641844
934 18439.628440355435 15172.063322430262 1407.0141630577054 1975.1221247157512
935 12774.163270405705 10352.090339573302 2917.996058420399 928.5911063007222
936 17787.53949973791 999.1771074290273 3654.282687891983 1815.5711077073581
937 16244.864626107807 15103.196629917968 2292.8212553526473 3671.368661489534
938 8277.399981290604 14333.281596369925 4388.127090724231 2056.960966042724
939 15117.78513602281 10450.48693601671 1324.5762135638042 2624.7488400587854
940 3548.120557982841 15204.210053431023 4809.897681933673 2737.9603473642005
941 10898.581860500632 4011.6493698251033 1846.9748243169806 4555.64982725811
942 9193.606938879366 15016.095581625215 759.0277085478411 3295.8782275139033
943 10039.08299872011 6529.605660890407 1441.9568090802481 3578.101110153422
944 3379.783429781374 16924.214471827952 3684.317437605938 3045.1592149295257
945 11248.97514841065 5732.041154493519 2978.1956136965373 3716.330447407487
946 12123.594531289738 9327.835587180929 3900.2836675641383 1501.7549880229021
947 8593.481650617938 14833.590887306491 1554.6872392940443 4988.88410861201
948 1012.755790714623 1249.4355679721118 1038.9769146236388 3038.567390018555
949 18404.750804970463 3657.3110913901 3446.8962517702503 2283.8960742110685
950 736.2328002122688 16820.09377382329 1084.8478573690047 2536.579024403293
951 16048.187435497093 8335.208092461371 4021.7305096633977 1297.4991508964067
952 2965.4980441091707 2109.806236358502 3990.2532986476695 2764.600113833625
953 6326.263153390916 2041.5202519344348 722.6857609338489 4439.976619789176
954 18212.457137458885 10566.797493546064 2063.8186152395733 3278.2821694600666
955 1327.188755969767 423.8121488295983 3508.816895026454 2334.325211568682
956 13681.60105331108 947.2231436091794 4154.563240548749 4679.343149189022
957 11736.167279367153 6416.535685763135 1182.2164205316712 4264.835259919067
958 12926.209490477037 14914.238448822693 3040.844828858715 3121.378458076612
959 11421.847530605948 16774.347453329796 1008.5292299019663 1562.1133037301167
960 4982.824982757143 10317.701332107607 3273.3981798434443 766.139625787851
961 19859.47793533482 2935.9949980559572 939.9610841636775 1386.2526716135021
962 4780.876015655387 2220.0536862305785 2448.7715497140807 1677.8212809607644
963 2853.328083810888 3951.7400378027496 4308.264511396659 4822.72850858529
964 789.5443456323766 16286.417240634622 956.0745721056784 2831.461791604105
965 201.21447743085 4237.673869370326 1089.1952079482828 4476.000936253675
966 14918.432914854284 1740.7004409980354 1941.9516966715353 1234.6243281744546
967 14206.314987740814 5858.272309986518 2681.2021525555256 2090.345224818023
968 2715.6329373704525 6384.783338884062 1618.1350563324963 4978.440660205872
969 13063.32053048355 16530.554020959393 1164.3331605052017 1331.015021045614
970 10606.888114736066 6411.260279055995 1622.6022974163104 4110.5821222672275
971 5102.179108429779 14492.377352178815 751.3456883905276 3447.173155334116
972 3367.277675943536 11926.147514813581 1227.959628542203 4366.491635904242
973 10189.1256506998 4191.331402203057 1948.7721427140154 4755.672950034994
974 19326.146152121528 5537.757655384701 4093.7784718621338 4656.657393807784
975 9380.831827225104 2778.316624521955 4861.60373833005 4687.163423255238
976 12086.221967012898 10687.118228122647 1759.6521440935674 2433.7735183698455
977 13222.372803768829 13680.36103887969 3310.069849829921 4410.32294547641
978 15406.152642896119 11257.534772774537 1786.5141918743907 631.5207657728224
979 13306.333696612159 4251.405223607805 3681.3935786804473 2057.4006308191356
980 2412.708453953658 5661.117169854954 2403.6916302891987 4156.04092539252
981 8550.672054495373 6834.65619026326 1793.7426198223181 2203.9852942095745
982 9034.649440441543 918.0432793254172 4781.917329167533 4955.261008137167
983 1495.2158771855293 1416.9226045049654 3778.543895637468 1850.818328784748
984 12279.887771118509 6935.323357220214 3516.7714615345485 1743.1629493288328
985 7784.713593274074 7533.329613749892 914.1500371717672 3550.3507828284414
986 12418.007489856847 19418.898405681546 1701.0081318998843 3789.6376400827953
987 14121.043081570988 2400.255643901437 4486.948693672359 3578.169514197935
988 5098.119225990147 6800.187890831148 4495.638746181975 2122.717237896594
989 17670.14555636706 11995.927688590506 857.0572976483498 646.9771223357143
990 9722.989723588444 6443.739506825779 2939.7627817034654 2370.1764839806256
991 9211.01633581255 573.7026826235335 4248.8171686659825 3412.9052581893848
992 8416.028385569358 19171.672803263926 4964.217234869892 3562.5015143561272
993 3924.0995514572887 2311.727305370995 3895.2230133032012 1278.4992324143814
994 9001.044961197054 10612.459410411555 4109.235097295608 2002.85302822385
995 5104.12482577523 7434.612309354183 2297.348216584244 2923.115230927695
996 8534.523994498573 6043.693909634544 2464.923440146702 4257.64610886185
997 5092.150056432339 10268.552443592083 4295.215468492815 2877.588291717602
998 9630.270205930821 11388.682845974241 3967.3166908077383 3893.6669510455577
999 19699.986989086305 11534.018309293635 2901.4567515888257 4661.400825015077
