500 0 15120.20605521 16440.67782582 814.69688366 6544.81185325 28 146
500 1 8730.44912235 354.14213880 3740.36357278 1650.04038344 22 149
500 2 3286.93513238 9001.46771892 1465.67593758 4500.23385946 20 143
500 3 12902.11179765 12536.46897746 -552.83836497 -47.97820350 23 90
500 4 14003.38256187 11750.80562983 -515.93702051 5489.07523458 14 115
500 5 11347.19142883 10566.96223928 -968.96554884 175.94692678 18 119
500 6 7999.34164124 230.19468663 -4131.85159876 3356.25061390 19 171
500 7 521.26307001 10253.98882126 -3686.31820020 -4429.82468700 16 145
500 8 5080.13695706 16421.86697244 59.45299096 -381.80886955 15 115
500 9 7565.12458322 16299.00487451 773.29876229 2482.97806009 25 95
500 10 13387.43133255 13867.78942179 -2217.46405562 -3757.18149181 26 144
500 11 16065.82564499 8175.75392050 1728.69743041 5445.45061803 14 92
500 12 4094.22002331 2111.62172051 -5070.00261557 -2765.29746196 23 146
500 13 13161.64917596 9688.74237406 3985.79561023 -1288.78220324 18 112
500 14 11654.88512225 7455.59591515 2017.12764310 596.98232481 20 119
500 15 5084.25336635 12967.51536656 -907.57337046 3222.66393054 26 133
500 16 15234.08508467 16941.37943107 6042.13588801 4236.86265599 20 136
500 17 15566.47479904 1505.50157921 -4355.09749466 -468.49156127 21 134
500 18 5777.69473633 10703.68864364 4295.78245606 -731.49717000 26 128
500 19 259.38373574 8236.78314493 3658.22833555 5646.75662899 20 125
500 20 15353.72102738 18721.94505996 -3150.74676582 -3651.52727719 18 152
500 21 3897.89442664 10932.16666253 -2905.67078280 2797.64454965 25 136
500 22 9747.33964547 5081.68436456 -1938.67739799 -1674.64305221 14 130
500 23 7172.55913456 13246.99697982 44.40890064 -2920.61746826 19 119
500 24 16066.01100298 13813.97337852 2418.06441562 10164.82492950 19 125
500 25 6808.04377432 6309.84990489 3798.22458473 -4812.45001359 22 133
500 26 7957.05734242 12127.40904316 -2694.98189065 -516.04492342 13 126
500 27 15987.59802955 13428.82724697 356.37405311 -2169.23889317 17 118
500 28 9867.50802782 14264.03495406 -2418.93297866 -3177.09800285 19 121
500 29 15973.73161474 3915.80523418 -2078.78008593 825.69621205 17 113
500 30 4018.38009911 9122.94836329 100.53412685 1780.86674475 23 113
500 31 17824.94655809 16024.86068688 2354.65115334 -3025.87209370 22 128
500 32 15716.41748688 13993.81810256 -5318.01074473 -1530.93133681 21 102
500 33 14759.66062230 2816.13025207 -1577.33371111 -5927.21978345 21 110
500 34 83.92225631 14451.64690743 -2528.22808023 -1035.63915341 15 85
500 35 16208.14014929 889.80275257 2719.59970687 2519.16781884 19 107
500 36 16896.49928450 2866.34323926 2558.93207582 4489.95308852 22 128
500 37 418.53230047 16585.86726486 10.85906078 -2411.99614916 21 147
500 38 5821.93067336 7388.37789363 -208.55121448 -3095.96945728 18 128
500 39 140.82317841 8787.76347151 -2302.08372391 4833.31313094 14 98
500 40 2022.59471966 19746.83891834 -1026.64854263 1503.76654477 23 121
500 41 15817.17642152 2347.38206526 -3910.59749351 1020.85302965 27 124
500 42 9882.97291563 1667.28826041 3261.68061512 2097.48772863 18 163
500 43 11003.52394681 8897.64713813 2108.59233847 875.59536782 21 114
500 44 4213.58785830 15703.69331815 -101.16916809 -5402.88312079 11 96
500 45 1227.31754600 13585.60468834 -46.86420404 -3292.71049160 16 86
500 46 16962.87636695 8806.04335917 490.84200971 -2960.14790763 14 113
500 47 7197.90365519 12038.23497947 4225.28809232 -2993.51948897 28 93
500 48 10769.41189683 3476.16701073 1015.50240461 -351.47094039 28 131
500 49 10063.97861622 13513.23533449 -524.17528594 2767.33654384 12 135
500 50 4936.27718615 15028.25347545 -475.78882025 -2266.71090696 12 110
500 51 14226.46644248 17610.44211661 -1216.50126090 371.86473306 22 156
500 52 17029.96079334 12003.48508308 -996.57165462 -740.75937972 21 138
500 53 8904.27067369 1617.82798141 1314.29021689 -6707.02869904 22 125
500 54 3421.83108228 4351.72463625 3345.54729747 5682.07523312 15 127
500 55 7439.87496279 10087.01290261 1383.81760197 -6100.64090436 24 112
500 56 5355.21078984 11461.46741095 4031.21810670 4378.05814354 23 148
500 57 11300.49055464 1133.78124971 3419.69937031 2710.56881072 11 88
500 58 2797.14490731 11953.42553576 -2494.68564992 928.21854996 23 128
500 59 13444.29639831 1563.32760587 -2860.34323714 -1142.86830733 15 108
500 60 4473.91801975 14390.08775374 -1362.67385223 463.18388413 16 128
500 61 19099.67701378 18615.19285371 1549.66391086 -2830.08896813 15 135
500 62 1950.37590622 4944.39825353 -1289.18743527 5710.07893641 20 113
500 63 1136.84948476 1474.79593497 -3269.89725085 2219.96170796 20 88
500 64 1128.21337982 13572.82760381 -1049.01914295 2050.67051179 13 127
500 65 6430.43784612 14821.74190087 -1741.21473191 -1798.23272137 16 132
500 66 3303.77189720 3779.03567482 839.39010592 197.17005413 16 145
500 67 12946.13615825 15290.66223068 -855.28953872 -4708.33776932 23 144
500 68 1809.90539525 19219.74243048 -947.39432624 53.58050883 11 134
500 69 18121.91444560 18655.98616203 292.07390967 2331.87327025 21 103
500 70 13226.43591375 9645.27309950 2378.81135560 1952.00836302 15 126
500 71 9015.17399597 7632.77495313 -934.46959063 55.84772165 28 112
500 72 17825.70338197 16933.22778722 3120.79025053 1070.46284828 29 93
500 73 16946.27919781 19233.89120210 2428.24673713 -1098.57729825 24 168
500 74 15034.07908079 4207.39912900 3899.41826224 -2915.63430859 23 156
500 75 6794.96177641 8719.03070619 725.62130109 1840.97620398 23 114
500 76 14169.96651135 12226.94777005 1112.15453972 3888.65415275 16 94
500 77 11329.68964921 14017.57641813 3480.74329436 -4018.39628151 13 135
500 78 7844.71936819 1901.76267578 1191.48910365 -3220.73209377 25 131
500 79 13820.92768078 11642.38543180 363.36945510 6575.73803934 29 133
500 80 17655.43393552 10165.05113085 770.22574366 -1063.65558783 17 124
500 81 6110.73777338 12603.23223010 -2154.25700809 -6419.17509576 19 132
500 82 5434.16228107 11701.01372819 -3471.35871876 -3270.10673159 15 102
500 83 15193.60208062 8134.33806995 3246.38835768 -4154.63617955 18 155
500 84 6569.52336874 7381.56601856 272.88422503 2924.60653715 19 116
500 85 1893.97738642 15669.96377534 -1160.16149676 2078.64871522 16 121
500 86 11812.02632929 15634.96686094 1917.14069649 -3110.88017208 17 132
500 87 6258.81331163 9170.22841170 1144.87664151 2268.22479686 20 134
500 88 12296.90110126 3642.79058212 -1196.06933730 749.37508689 12 136
500 89 447.95152396 461.85155764 7837.24684182 -1773.35437989 24 139
500 90 7278.19452184 13259.34262291 -2620.27792221 -2562.84686530 23 125
500 91 12493.98667755 1152.85341380 1507.18177878 -472.49900550 21 117
500 92 9432.61730105 10713.97819721 -941.12088995 -1830.18886267 18 135
500 93 2274.42361177 6936.11658891 -4588.92116135 -5395.98640832 19 127
500 94 16296.41126093 2400.89931999 2169.96163838 2149.65826553 22 111
500 95 19215.15177953 14612.14976080 -2812.73355499 148.25400266 23 141
500 96 11129.06239007 5981.33133245 -3960.88699935 3711.19019035 22 109
500 97 13762.27434549 14391.00122334 -1070.52092930 726.96590442 18 152
500 98 12664.78684223 7061.45810010 4363.45696324 -1078.12849166 22 131
500 99 11565.58409765 7993.34644563 2168.44194235 -2785.48828123 21 98
500 100 6654.25023796 12552.88198131 5832.35156994 -850.70520308 14 160
500 101 17154.08072041 4853.91897644 2242.09044349 -426.98099188 17 130
500 102 5694.29519704 7934.21891738 2794.46184739 3847.42265125 17 78
500 103 16674.69548850 16435.90582331 627.04971723 -407.34448396 26 123
500 104 6517.92783305 15683.40651121 -1173.02148922 -3206.85348680 12 143
500 105 12943.68875064 8100.40855248 4570.47635024 4049.70427624 16 122
500 106 2693.16536258 18763.92846996 -2861.70101875 2308.08548250 15 122
500 107 15068.21426153 15913.62233381 -777.76729159 -4364.78582004 28 114
500 108 16335.58906445 10581.99997145 6007.54809188 -89.39352537 19 105
500 109 15412.23069019 2705.30300373 811.36818035 7784.48102282 18 110
500 110 14141.24899642 3911.91152650 -581.10844844 -604.73284996 26 82
500 111 16573.93956467 1062.02514048 418.31575529 -272.54502680 21 109
500 112 16465.39599850 4037.96845040 -2657.77044447 1182.34693878 11 171
500 113 4926.69883781 2886.21596577 2245.14029496 -1686.91482926 23 111
500 114 7013.45541303 13776.43975131 2768.09214360 -95.21410877 19 110
500 115 992.32254113 8951.07177216 2259.52771474 -2229.19237872 16 100
500 116 13926.37742176 12002.26025904 -233.19378642 2031.52479163 17 149
500 117 16681.16995932 10456.87796908 614.45026064 -1369.72857633 35 126
500 118 19436.18730619 8835.82301321 -4665.21733198 -1903.80754691 28 130
500 119 10594.36284829 5923.49314013 -4702.31857585 2379.64560665 17 178
500 120 19084.55940418 12165.48910333 -2648.19306938 -2944.14749725 26 153
500 121 1736.16294034 2760.92230174 5977.70257093 -7723.20776983 27 126
500 122 17090.50205888 17787.60064551 -1801.85465228 -2211.39935449 16 129
500 123 1574.48498736 9782.45642501 520.57037656 613.09086821 17 88
500 124 8853.01798157 5050.25992211 2165.66527855 -877.76040145 24 109
500 125 10443.97500858 5803.21720339 -1585.78683760 -3038.31557408 14 183
500 126 6011.85715038 14966.59291923 -949.22559698 1203.50914563 15 113
500 127 5832.81557573 2067.06021038 -4786.55901650 1443.15360785 28 124
500 128 481.23288142 12149.33635244 -498.49639320 -4236.93752342 19 127
500 129 18652.40217829 8333.56963279 3909.82681189 -6015.98925937 17 106
500 130 12681.12856256 14316.18428720 -2844.07504875 -5075.42396809 20 130
500 131 4721.51842115 1233.26716974 4467.77495238 -3876.37328303 16 158
500 132 14516.42647025 8389.20801016 -892.24633025 1597.41382805 24 126
500 133 18226.61065633 15427.51399082 4493.15796319 1132.50002958 15 114
500 134 12215.37130883 16912.60650295 1739.34821937 264.24385161 15 92
500 135 6709.07152805 11449.78925363 -1000.85029784 7033.90686566 16 131
500 136 16685.73480812 5880.72189268 1567.02563941 3231.85222779 15 147
500 137 5735.41912024 5203.59568721 2329.77729975 3234.70991618 25 129
500 138 2739.73674694 11286.36241875 -6261.90656765 1422.93764563 21 102
500 139 6051.23600914 10653.77205427 -2997.93011764 -946.55574018 11 103
500 140 11153.51744566 858.80224997 -4206.36570457 -2611.95294327 10 83
500 141 17434.55821755 3832.93826673 -1275.52782385 -2353.72284738 17 113
500 142 3826.45571409 17431.24125534 -1134.06526581 -1190.57302057 8 95
500 143 11387.54404300 10443.04587264 -1040.78884554 -3975.17144053 28 152
500 144 870.02347387 5053.50998625 493.80081173 -4639.02526050 23 119
500 145 11880.59585777 11194.38060639 4318.42123222 5947.29549962 22 156
500 146 12569.55812268 1181.55923400 2054.26387944 1371.33090199 14 117
500 147 7955.01317356 19499.50282135 -244.25412425 -1076.73873545 19 109
500 148 10526.08100833 14061.73170691 -1602.57413946 1896.81172713 18 139
500 149 14528.62781849 15097.36765461 -164.07799396 3260.79398394 25 88
500 150 18405.26627492 243.70642759 2603.69928146 1835.68236396 29 143
500 151 19815.54505039 12619.47251949 -241.63802855 -1783.26790783 21 111
500 152 17754.49066126 14446.38148407 2871.87417469 -2763.92345975 18 109
500 153 9848.00390744 19965.15202635 856.15937163 2824.38629607 13 94
500 154 3699.97043830 11400.52080850 -1937.29198225 -3848.58120799 12 130
500 155 1982.86665001 12340.00036479 1451.51175048 -1880.15416029 18 91
500 156 10525.06296669 14066.83866167 1988.92349506 4170.73065557 19 79
500 157 13357.37400737 1157.96309540 -1437.12542690 3224.10046071 27 133
500 158 16467.34301075 18643.28110958 2804.94946237 -4636.07717370 17 107
500 159 19256.71161860 11430.74885071 -6144.90630896 -952.02790548 27 150
500 160 9561.80149663 19234.56556422 1770.08948309 29.07931212 13 90
500 161 18853.94691436 13047.50798078 -418.28743941 -370.14426992 19 116
500 162 17718.82652766 2219.77845909 -1766.51756988 426.01440885 14 87
500 163 6382.95545728 11969.12045069 6931.91481072 -713.99611204 17 126
500 164 16688.89336082 19929.74471737 1248.89437101 -724.82887898 22 104
500 165 12288.81086315 14917.96501487 776.69814718 -1528.75538024 19 93
500 166 9589.91973614 15438.86082082 2153.96162831 1037.28109588 11 116
500 167 2891.20459250 16579.95639764 -2656.47593760 797.85971887 15 147
500 168 5208.27019640 13861.96443175 2659.09691455 4103.05357954 17 100
500 169 14141.70599674 10619.28641128 -70.08539142 2302.63708761 19 106
500 170 11869.35966933 1799.69580769 -2622.66580555 2990.47303867 19 109
500 171 12088.32007488 11729.72944441 -3905.93441118 5864.36472221 14 149
500 172 4115.03200428 16946.24690211 -2690.32498313 -4849.75023830 26 95
500 173 13059.16713981 10011.20187197 64.97637360 1938.50139022 25 119
500 174 15093.11140373 1708.80939570 -1860.90369877 -680.03920571 15 109
500 175 11804.76744202 18958.67201028 2997.60418430 3993.00491015 27 145
500 176 19574.14242801 11347.69632824 5338.38929670 -1795.86529946 18 120
500 177 7593.23287840 14134.27972312 -5459.43596451 -6465.68006922 18 134
500 178 16842.55724936 1499.90009312 2477.03236350 5730.12048257 24 130
500 179 17471.48944951 15562.35346376 -2229.53881636 2749.67246004 25 141
500 180 5562.43594531 8000.52880205 399.08453009 3577.42011057 16 137
500 181 6121.20617734 17121.04575592 -2185.13332810 3807.73638373 13 100
500 182 10724.54378530 9796.16942089 4727.05276613 8298.52823681 23 131
500 183 4323.73910527 7449.21417216 -870.84782749 -7225.48095877 16 130
500 184 10427.39786672 844.04099059 -2763.61547738 1548.06148664 26 128
500 185 12434.90194268 1403.60871448 7632.17597032 -2396.36961229 17 125
500 186 12048.35185808 4476.01297231 3362.66111076 845.84169905 20 118
500 187 3553.08617722 13968.62528092 2872.94251315 -6030.37471908 13 146
500 188 11126.01160915 16601.91153170 -1478.83139847 -3763.08127036 14 109
500 189 18582.36221990 16721.23196784 -1150.35104945 995.28986033 16 107
500 190 3984.77956612 8112.21392524 -4179.66443732 7038.17015048 18 104
500 191 5190.04424749 10121.13069920 2598.00180244 621.25915578 27 110
500 192 2346.94121161 9529.00518924 -2960.28617621 -1186.70515723 20 141
500 193 12532.64292050 11400.38697439 2013.86291690 220.21271036 23 100
500 194 4041.80319139 8224.25977790 680.67802544 -1797.24903550 15 123
500 195 405.96193133 7400.81343698 -1021.52450407 -2013.21130295 14 91
500 196 7954.12012508 15026.10997252 -3761.42361900 -1801.01081158 19 109
500 197 8022.91795246 9606.87561047 -3112.46499609 219.13667868 20 140
500 198 13766.41431049 11088.31809022 -2855.90647146 -4455.34095489 16 129
500 199 8511.07569089 8698.54335291 270.74325991 -1712.15479443 24 78
500 200 399.62468465 9748.49187810 186.99896798 1655.24288543 21 115
500 201 18965.15357984 5017.33986631 1907.06682472 -354.29669109 18 126
500 202 11167.71133152 15223.00874775 2833.15557559 -2135.22175674 25 121
500 203 10388.33323698 3610.26034076 -2073.28075747 6682.10017306 16 118
500 204 7992.83656445 5673.08592714 616.84684642 2715.63082506 18 123
500 205 19065.61380342 7798.23677512 -597.43169502 -1778.45010843 20 151
500 206 15926.19665449 10673.80408014 -399.15137871 -207.44427106 26 128
500 207 8888.29368753 279.31660819 -6418.40185124 -2289.95745003 27 133
500 208 10287.40743268 1187.59668893 1116.92877500 -1661.40817340 21 118
500 209 19754.48421388 5861.12278061 -170.58828462 133.36037932 18 137
500 210 13234.95186767 9226.69990132 -234.06218173 2083.03581390 9 104
500 211 1136.45085793 15888.80494858 2984.88807237 -945.80669071 14 83
500 212 13263.87906947 813.52598570 -764.02057892 -634.16025401 19 134
500 213 18098.50785831 1977.69811138 -280.08233950 892.98136224 20 113
500 214 5896.06397225 4220.36271232 -839.48126904 3403.75495311 24 116
500 215 7323.25542771 9656.16669769 154.61067882 2028.63145033 24 118
500 216 4610.39330829 5317.63649226 -1923.57583646 5471.48757848 23 119
500 217 4220.56212826 6563.47834717 -2161.93532990 2858.81114836 20 162
500 218 13966.29257019 17543.42977792 3567.53459679 1016.88283138 12 137
500 219 15819.08766210 14858.02345700 -1943.34204490 2971.40469140 14 103
500 220 15624.97945006 3284.18303138 842.22555859 729.78828254 19 96
500 221 4019.89535287 3395.71189279 -4758.65220934 3401.81050682 25 133
500 222 7189.19558860 9909.39372551 -7806.90216951 6653.40352993 16 125
500 223 10320.06160793 15012.02207840 548.21958958 7135.03563815 19 184
500 224 10871.43315002 10864.76315782 -2695.01046701 -1488.79505582 21 122
500 225 19723.93698883 8891.02669716 3184.64544800 1406.86995138 8 61
500 226 18279.67003224 7770.55527662 -2171.73299678 -3160.83868526 16 130
500 227 19262.56857680 9762.10161482 3555.35469473 -5010.31356296 21 123
500 228 11895.82792975 3035.91416156 -1131.45104774 1634.19108141 20 116
500 229 18000.14392736 18476.86535067 -602.99229861 -7173.37821644 26 142
500 230 4835.93156534 5228.32196501 491.82485263 1304.42643930 19 134
500 231 7755.54200343 14258.27975480 -5298.87687360 1465.04975009 9 129
500 232 14575.64724339 19742.67803485 555.81800615 -2110.68441247 11 78
500 233 3058.93334162 10288.12346350 533.26422073 -1525.59240268 19 110
500 234 12891.05045086 9250.42240906 717.46019394 -1236.86260513 17 134
500 235 6517.11857210 14478.71204534 -807.32337276 -3774.01429798 19 126
500 236 1606.33013314 2692.99642210 -1119.80956953 320.38818222 19 108
500 237 6935.26101406 6982.88213641 -4649.17656639 1015.33839915 15 93
500 238 16298.92599384 11440.39470765 -6602.42043708 5239.56578461 26 141
500 239 19002.05407648 5632.33299284 -2724.19433292 520.81886988 21 134
500 240 2529.65479063 2638.86124917 739.19646913 244.65637729 14 69
500 241 16527.61750468 18239.04800105 2282.78859404 -7461.76479842 28 123
500 242 11069.07668463 1397.15556215 -3879.69164342 -1154.70099212 22 117
500 243 2303.50718063 2744.20033972 -961.33095505 -1899.24436445 27 118
500 244 16405.40144293 6603.08860140 -1054.05850604 -704.09216446 12 100
500 245 1319.07036672 18953.23269294 2083.79699587 -64.33625447 18 133
500 246 2562.65747629 5692.95605393 5316.63202351 -431.47451135 27 143
500 247 3317.04532684 15350.12552349 2712.37393306 -6479.90776282 18 153
500 248 13284.64759345 2086.24965443 4635.53699167 -171.34851558 23 132
500 249 11438.39866105 14859.80834398 -1769.00071836 -332.78368019 17 107
500 250 3162.83387952 1864.44509165 -6314.68512450 -1932.62592902 26 131
500 251 10417.52294241 2383.51488649 6296.81807585 -2768.91691210 26 116
500 252 1448.80628999 10254.79004029 2457.12797955 1396.22389688 23 121
500 253 14671.95836546 8366.91198597 -2324.83508368 2360.74111381 16 107
500 254 6956.94443595 1333.39103861 -1426.46551899 -326.12663442 20 107
500 255 9030.68974768 516.77277561 3593.49332832 -730.48551307 16 122
500 256 4408.86436127 8279.85487320 4293.45762408 -3273.35871799 19 151
500 257 15399.56466469 17124.45886999 -1838.18236287 -2367.61546086 17 130
500 258 1882.07241224 2418.86019310 -5282.99341707 -3226.14431956 19 133
500 259 17986.26420904 8558.21361242 1285.52935794 -1789.78338968 19 129
500 260 8904.26491815 3267.47156774 -1020.83125812 -4733.04684567 17 105
500 261 7467.76633009 1126.95565208 -5578.86412845 3094.10571150 23 152
500 262 13625.19276374 17563.66337843 1070.69299194 3792.18254640 19 91
500 263 17718.63946602 12966.32267633 -2280.36053398 -5436.34756118 20 104
500 264 9915.87847792 13531.31645449 1257.19042031 -3060.31324764 24 109
500 265 10127.36860005 19729.42975827 -1706.21831340 1468.04573717 16 119
500 266 1283.43108047 15347.86291879 -2756.71485479 83.35216650 18 104
500 267 2313.66387982 15113.17985273 -3208.69835840 3963.52854899 14 82
500 268 7130.42021456 16979.68116453 -1795.27440373 4276.26006470 17 96
500 269 5834.01055910 15700.14745358 1021.49154761 3225.31163590 16 79
500 270 10973.14362183 12223.30399027 849.44468898 2307.26747877 20 120
500 271 15445.31488525 3355.45902985 -2041.93093503 -1524.60238778 15 124
500 272 11437.52057460 5456.33568899 -1328.05828911 7575.22261483 14 121
500 273 8099.94624085 5235.16791406 231.96262170 2715.07789618 22 110
500 274 6631.20300455 9279.36804944 -2090.84405311 2439.69733745 17 143
500 275 5941.98622682 9153.71744816 -1599.01587626 -345.79847217 13 129
500 276 17497.79783061 7889.65015645 2076.33859897 -128.41338260 15 116
500 277 19671.53315864 17019.24371152 474.16322170 -1076.62467113 25 94
500 278 3535.08002873 9544.62198958 -1599.99612028 391.72396028 15 106
500 279 13170.96561948 17358.71268813 1323.95922181 4529.97026706 20 127
500 280 15087.26826370 16559.35486520 -4151.62195605 -3868.62676736 20 155
500 281 12332.90471245 3365.21142792 794.41789625 647.20641291 18 97
500 282 6227.72808451 19149.81064169 -2649.93557153 1814.05316111 16 103
500 283 2504.02479778 18024.72602496 -2980.34520009 -4557.22046590 16 139
500 284 16228.88321591 2554.59622357 -1119.27541872 -1189.65417375 15 116
500 285 3225.91048698 14563.91043123 1554.18161771 2080.74435146 22 124
500 286 14499.96817114 17337.99795821 359.80031004 -5205.95666465 18 117
500 287 14644.80445825 17504.52935192 1655.75165025 -2463.52479554 21 103
500 288 5376.03927913 119.01771410 1304.49406924 -156.31905502 16 118
500 289 12136.38182325 3657.33125140 -5239.19865847 -3268.33374972 18 117
500 290 18290.14739748 968.29844870 521.13154155 -2049.19961182 20 110
500 291 4926.53257256 4193.80613495 -819.31600674 1507.10980191 19 156
500 292 6444.24860518 19436.01387636 -2893.37718769 655.54887999 11 79
500 293 18264.29353667 1692.58827730 -653.47926150 1384.73059060 15 105
500 294 8645.25027012 16242.17738252 -1894.07582778 -3202.57576175 23 167
500 295 15882.79909924 11820.50820263 2012.81073090 -917.81766743 19 115
500 296 7194.25381711 2397.30559122 -1426.20635578 -740.57280434 16 117
500 297 18173.98609893 6747.31250783 -1825.01390107 4496.12465641 23 136
500 298 9070.18165076 9063.06217840 47.13769073 1754.53144356 22 118
500 299 8608.61503137 10355.63047281 -683.34687028 176.37272711 22 112
500 300 7446.96946665 18143.28142383 -434.07676903 2338.69909240 15 125
500 301 13080.20985595 2779.09766572 -2333.95998600 -413.11842240 11 110
500 302 3827.55348785 9150.27410466 995.92820460 961.13672954 16 125
500 303 3682.35435322 1035.43704743 -2124.96492085 -627.00548657 26 170
500 304 3685.88861767 11295.84110694 3542.95694021 1882.47351782 20 118
500 305 5539.98011963 9589.73499432 1567.16246735 -2005.38293262 15 157
500 306 18234.41286536 16281.34217690 -3895.89035689 -1768.09049910 15 135
500 307 74.42567351 7374.66235898 1829.74458369 6842.91558974 19 97
500 308 2032.14302451 4402.22567638 720.70928141 3688.76054138 15 113
500 309 10284.23893065 6108.23009652 -3492.18368886 297.14427092 15 112
500 310 1.00000000 428.13794119 -4685.88583370 2347.59651529 24 139
500 311 9619.18782589 14331.02291565 -5189.90608706 -2789.24066109 19 102
500 312 13848.21332100 19480.01547733 2115.32583256 4945.12713115 15 97
500 313 13976.37524001 3789.82129970 2604.98777970 -3241.83574006 20 133
500 314 5988.08759804 4032.95052190 -1554.43205773 -2467.10818452 17 138
500 315 363.11084170 15311.03851074 412.58498095 7133.57528746 21 133
500 316 4753.91894645 8660.77608622 -7891.58300765 -602.63989234 22 158
500 317 8564.23507856 17390.84738934 2181.09442555 3622.83341463 17 77
500 318 10203.81061094 2296.76093791 -3135.10875585 5558.35276990 20 118
500 319 5141.66297176 18861.40913128 -2149.15568263 -806.67557985 13 132
500 320 16391.38822249 13700.55110632 1092.69254817 -1969.31252735 15 97
500 321 6013.52799407 1518.98255390 -4017.18396947 -2984.00052867 24 140
500 322 4050.00223354 14227.47065697 3429.40481508 1015.35901143 22 135
500 323 16331.07969788 17475.34867481 -1929.01983149 -4564.84968654 17 100
500 324 19454.43188932 8176.00913013 -3370.42162900 -7235.18478241 23 137
500 325 7385.67975469 470.20933329 1910.55673005 1034.78864830 25 91
500 326 9958.28613808 11835.19763706 -606.29081944 -1204.16144350 17 110
500 327 7729.96338726 6711.35521821 158.35377870 -5007.01291900 22 122
500 328 5621.82906574 17224.86195019 0.22285748 -2306.83661937 18 101
500 329 18909.10866124 18489.10125318 -2545.16213911 3429.50717433 17 119
500 330 12557.98425778 2221.28415978 -2144.19857160 -2366.75625210 21 88
500 331 7697.65175899 6522.30209786 3820.40972830 2032.04364292 19 81
500 332 6331.95443633 5440.88205878 -901.24240747 -1284.62174050 14 109
500 333 17998.76112676 15888.31180824 -669.53138034 -3389.28081661 21 154
500 334 4937.40878608 5634.23252580 3895.57832909 -3126.74260539 19 115
500 335 729.67213428 12567.26471173 -2073.04657828 -2257.69722757 21 103
500 336 10071.43013814 3799.04608942 -2570.88640017 -484.00580841 21 137
500 337 5998.47551929 13242.70528169 3092.69157581 -1560.21067301 18 116
500 338 11185.11729642 3833.10781717 -2219.60911947 757.23665381 12 84
500 339 14054.99272393 1635.76553678 -746.71682025 -3100.03111772 13 131
500 340 13474.24950530 16288.26155820 -3788.96435639 -4153.01982223 22 143
500 341 17157.13138644 637.77239491 -3422.95831312 -3528.91032102 20 105
500 342 10073.00829755 3869.63644024 -1967.71934041 773.72728805 20 108
500 343 1131.02217029 13388.19648953 -2602.32740063 1804.33017282 15 166
500 344 13789.14673485 19549.08864012 4737.40060316 -1617.10599197 16 108
500 345 7502.46463341 19461.36943740 -1935.20338396 3243.39490623 14 133
500 346 13303.51991519 2449.29705058 -1199.42349755 -2758.90247825 28 137
500 347 6710.84967200 19520.22487355 -0.80021667 1660.53771003 17 105
500 348 4950.77552377 17118.70344097 2411.96384269 -2036.00259910 21 129
500 349 5887.03058236 1117.59448606 3660.00169902 -7351.26649755 10 149
500 350 17588.60035498 1764.88575202 2125.09452567 -309.47476364 17 112
500 351 12887.07925833 4347.28119074 719.71358016 -245.31610046 22 110
500 352 15984.01220117 8816.89029469 1809.07473939 95.70408920 17 104
500 353 19409.85153470 6055.87950036 -4730.31114794 1513.71987509 17 107
500 354 829.69525889 4980.46189818 2489.52817768 2935.31529380 15 99
500 355 4569.51273902 19751.06491883 1290.99699258 2821.43784555 26 125
500 356 4199.85753007 19695.17444282 -383.81785131 1558.14113184 23 133
500 357 10391.07176487 1983.84978028 2180.87666451 -4647.38338758 18 148
500 358 13755.53092543 14267.03196018 285.32778251 -26.68116174 18 98
500 359 11980.05359815 16867.70687797 4568.15051402 -3255.52084156 31 187
500 360 9841.82913927 4140.75106018 -1296.19101766 -255.68555843 15 105
500 361 18075.59878081 7369.22754748 1285.45631695 -776.30338489 15 93
500 362 13117.09944176 70.77021005 -2217.04397873 1156.28704780 16 143
500 363 876.77097110 9124.82354488 -2020.47526732 -1435.37200104 15 109
500 364 11242.25820863 16997.73560782 -289.77549965 5597.37948987 22 159
500 365 5257.64685830 17952.47555523 -3277.77766947 460.62809016 20 108
500 366 16287.99824575 15047.01272211 -710.67200026 3009.20254442 24 136
500 367 8051.01863845 2781.80779855 -1006.40068160 -3464.67509516 22 90
500 368 3977.16841841 73.19222341 -5340.61052720 -5514.29505817 17 136
500 369 11899.87137750 3823.35816841 3958.34871180 -2022.20290053 19 116
500 370 6317.12111496 2726.78707701 6495.95312302 -3123.34785883 28 125
500 371 6795.96713932 18475.50234749 -2188.34492254 697.81980864 14 116
500 372 2119.65973588 4160.62077927 3575.63567947 -1877.90061557 19 124
500 373 18111.66144941 19076.60806586 2524.64011077 -3295.82033336 22 137
500 374 5254.70161488 10570.66232864 -4985.37622102 -168.06788732 13 121
500 375 19356.93346001 7241.59087842 -615.57185695 -5073.30118071 19 116
500 376 10805.74258702 186.54028360 724.37800118 1327.36601508 22 114
500 377 11887.99548130 16032.42331424 4387.00616281 36.56061656 24 132
500 378 10060.72222720 4751.57086107 3655.81333194 3442.04391239 17 146
500 379 1.00000000 17884.81065529 -5919.26515540 -2750.98542646 27 122
500 380 8618.70283213 8776.76043885 66.59790948 -5827.64835140 17 109
500 381 17144.28491370 318.53646137 -951.57169543 5548.76630474 27 134
500 382 1618.13942357 5626.11646764 2916.92797178 4077.00554608 14 118
500 383 14357.57627380 2769.99034013 -2603.69790244 -2993.88306475 23 135
500 384 11771.45714058 11861.05962481 -3528.19285743 1371.64597249 27 136
500 385 15858.87408092 16857.18893360 2327.24475337 -8369.72136515 13 111
500 386 5841.53174551 11543.58613956 -1341.97365817 2535.89011020 17 89
500 387 2840.00599372 5895.13947376 293.79452367 -4534.66944165 18 145
500 388 1789.84140567 15070.26215771 1156.84925093 295.21701964 24 112
500 389 6054.37861966 8849.29642146 -4648.20712678 -2947.25471417 22 161
500 390 10134.66940919 12780.08137324 -4977.05509847 1431.07901237 22 116
500 391 18169.17950646 10892.32660242 -2236.51614574 3213.66753720 19 74
500 392 7790.19153011 15505.17609290 1202.18418660 -1451.83683237 15 108
500 393 5715.44282627 6271.11988839 1893.83910679 2797.54193788 18 107
500 394 10521.89008081 11701.86381187 3506.96336027 -4482.83505188 22 148
500 395 3244.15060124 13183.39378525 -3153.93329014 -389.24211017 15 129
500 396 7475.67539513 2261.09427544 6925.87248229 2260.09427544 17 130
500 397 7945.27786269 11524.41531107 1181.09812451 -1896.16574739 24 142
500 398 11613.12575172 12692.80487745 3561.11632410 -2704.27991805 18 130
500 399 14942.84607126 12570.59708857 1480.45812026 3256.75970886 18 167
500 400 11159.08794307 7710.87829191 1207.99052447 1421.86156920 20 123
500 401 5445.04342303 5291.87995826 3596.86668964 -183.90709191 21 89
500 402 9236.91778559 17020.18112380 -3972.07362950 323.70338406 21 150
500 403 7385.07238044 18282.62835161 5207.41990669 5217.32600523 12 108
500 404 18038.79285619 2280.40512894 4562.56639630 763.13204325 24 107
500 405 5576.46495946 5034.63367700 1108.32998273 1862.43268287 22 126
500 406 13303.57682508 3994.88093765 162.44384625 -3032.44910906 23 128
500 407 11911.31867862 12825.83278377 2869.56029882 -1793.29180406 11 164
500 408 3297.22475958 3120.85222599 360.47542586 -1644.18480717 18 106
500 409 13854.87774868 11819.29398896 5391.97947042 -2041.53103345 12 86
500 410 10997.50996734 6094.25628389 471.00687501 -1239.74762700 12 114
500 411 19222.33298358 7090.77019966 865.89793089 -2424.42745923 15 106
500 412 17512.59588753 5224.30967100 4050.77785317 -68.22462350 23 148
500 413 2327.64009060 8634.01520627 -1670.51043488 5552.59448308 15 166
500 414 18954.37480627 12803.78580030 3499.76701436 276.40497963 20 99
500 415 14426.13828924 10161.13450989 -363.84185258 -1374.60152580 16 108
500 416 16753.36915644 14709.86937917 -3646.94931714 -881.52177014 18 117
500 417 14274.07341759 15433.76785207 4895.86763108 -1174.54783203 16 97
500 418 16438.73680881 17210.55418184 -966.32575862 1431.05117079 15 151
500 419 14791.12728240 9956.76126397 910.53579616 -2399.42598191 31 130
500 420 12865.78614012 1316.46691146 1862.01015355 -100.00999746 18 136
500 421 3459.82707537 16374.57416907 2652.53402757 -6731.76225012 16 138
500 422 16921.16482782 198.71207271 4870.59373086 -5993.99657741 25 172
500 423 11252.00989392 13269.50762935 -5063.52894489 -545.45902797 13 131
500 424 11582.64361443 16374.79417810 -3474.84217112 6113.43125541 18 145
500 425 18950.25880304 144.09739970 -348.39436502 2940.58227076 17 93
500 426 1350.00478821 5388.80307264 5668.52961578 366.55924218 18 114
500 427 15655.55324620 11622.07554192 1390.06240570 1287.23592876 19 133
500 428 6320.90075456 9358.45708696 -255.41665282 -4769.22649837 21 124
500 429 924.33526106 12556.46446624 2540.72400511 1063.17506467 15 132
500 430 2551.22207965 3624.33994763 2502.71894586 -1072.46252029 20 123
500 431 115.34034839 9759.27725755 -6627.88655054 3147.47296726 19 117
500 432 14328.04859563 8125.82699249 -2832.92085524 4159.61911904 17 96
500 433 10498.13103022 9647.30240215 -10949.08689698 140.44162083 24 113
500 434 4494.89807287 11260.47545180 2280.57173245 -1360.21168330 18 108
500 435 4712.56697926 10473.75971938 -463.65338104 -137.28909285 15 101
500 436 5266.57546391 2182.23517064 1234.39570571 -4454.19120734 22 95
500 437 12669.47889072 818.09960717 -2959.23351588 1859.95655265 18 139
500 438 10805.97893173 17190.37051014 1093.36883968 3386.07638490 19 114
500 439 8294.56559188 13796.67986147 -5761.74077644 5081.67401099 21 100
500 440 15778.61217261 3042.42315838 -2413.06810528 -4634.99997952 24 135
500 441 5557.39222315 10407.24732630 730.29603443 -65.07929609 12 105
500 442 1324.63852077 14280.46336073 2932.86615492 2060.26528948 19 141
500 443 4392.65027299 11502.27843493 -4695.73507040 -4536.08988520 16 161
500 444 8238.32849078 18581.22660134 896.57941571 922.34218334 18 128
500 445 9955.56742087 17346.82075931 -4303.57325406 492.31079167 17 125
500 446 8347.73937285 13512.81867441 6235.10991604 10335.58254169 24 120
500 447 17116.41322323 578.54598839 127.31086709 -1477.35693449 17 114
500 448 5905.40202221 10940.02530201 -1257.67675537 4209.16956830 17 130
500 449 11926.57284697 9096.44823386 2290.30523382 1380.00321699 15 139
500 450 7774.89885036 16921.04803518 3804.01383157 -984.62733035 15 106
500 451 16891.32219802 8409.67523520 -3107.67780198 -3813.42191166 17 120
500 452 16448.90286790 8461.40458856 2292.80414828 2687.48015925 20 148
500 453 13556.40053004 10713.00314428 -2747.77861196 -4358.82250254 17 115
500 454 13804.36266330 1403.49722594 6901.68133165 -6420.09867910 18 161
500 455 17573.42574642 10239.77253152 -2902.72959713 -1180.39184641 22 131
500 456 16114.52059571 2309.67090570 106.90403426 2681.24079646 19 92
500 457 16601.36735162 10636.95111390 -867.26151320 -799.03683753 21 151
500 458 19944.44298097 7757.18663579 1332.52580247 -8059.95334105 26 129
500 459 16177.92752083 18094.83884699 -927.24900020 27.36346617 19 147
500 460 10827.15767221 19963.57500717 -5830.39207270 -177.51805721 12 114
500 461 5280.04829563 5049.78176664 441.78697241 -6489.44902479 25 153
500 462 6414.19228370 16737.98080127 -4135.54923928 -2167.51486633 17 122
500 463 3723.67166715 2396.10171333 -2000.44634393 1513.96791833 17 134
500 464 7024.20489098 16389.44223635 2944.13734141 1649.84308584 17 108
500 465 19642.14880437 14982.41636349 466.25473058 1586.16800629 20 123
500 466 15562.06959275 19956.45059542 -1623.63327706 1906.79073838 22 122
500 467 5894.49253399 11832.54110110 7661.73535581 3943.84703370 13 118
500 468 9789.14525499 13788.27538058 -4431.90801771 -6210.72461942 11 101
500 469 2811.51140751 18879.48274244 -9242.83588650 1470.86491126 16 142
500 470 18113.08813290 1290.54157798 806.31266420 -4533.79501989 21 118
500 471 1671.27764865 2904.90334201 -2295.80635586 -3222.03859056 17 132
500 472 11347.80605233 6523.84616905 -2748.63892797 836.25575558 13 102
500 473 2974.32629799 19874.05004101 -6354.24977876 -1521.34474102 17 108
500 474 7166.69547434 9783.91974523 4124.11324530 -572.96063631 17 132
500 475 13131.62838062 8208.78425317 937.76232135 -5287.84080041 15 117
500 476 1019.16635298 8889.48123437 1708.39509349 1396.69946384 15 85
500 477 6175.53557307 2582.94933081 5520.32536770 2583.82608763 25 107
500 478 3963.46655682 6753.34506997 139.99840219 -1223.23827466 13 77
500 479 7750.99243920 15887.11348051 2123.31864097 2085.27414500 16 120
500 480 14943.89544101 5362.46124027 -2653.27023826 1.88410758 20 129
500 481 2074.98536268 13129.48890447 2536.79862883 2852.56589092 13 85
500 482 17782.13672280 14681.47884539 -956.94689881 -3539.61243370 13 97
500 483 3840.53762415 3956.96304774 -228.61510803 6.91582040 18 151
500 484 18574.45374738 17627.36152743 2471.42713133 1827.28361083 19 120
500 485 3670.56762833 611.78552171 92.96869499 4390.55193575 21 121
500 486 13065.84423248 9584.33148187 7048.88479039 958.33314819 21 169
500 487 17900.00438984 16206.03448635 799.13347057 -677.05486523 12 158
500 488 15159.54458549 16251.81081887 -2475.55957921 -253.98878879 19 175
500 489 4557.19805737 3444.27695861 -1335.29765367 3388.73515974 17 112
500 490 7134.32038731 4330.76109593 2979.48424518 -2786.98520494 19 158
500 491 9094.59776334 10932.24128002 1570.17267644 -6098.54296595 11 121
500 492 15275.24337221 12221.99718824 760.63906674 1141.31619515 23 114
500 493 3283.00202069 2324.66623315 3297.55241511 -1860.33334732 17 153
500 494 3206.51043884 6428.85179691 4668.20970273 -4504.80323069 22 112
500 495 5330.09360412 6396.13370289 -3466.69063959 -5314.17968364 20 119
500 496 8565.94821020 10303.20668995 2150.41164105 -4076.71787773 23 114
500 497 3628.82398586 12523.18194962 -1509.44737630 -2464.15025810 16 104
500 498 1290.95869467 16864.42513614 280.51813131 2642.66723337 20 124
500 499 16343.05764524 18246.98344525 1837.98611316 7016.95380062 22 135
500 500 14493.07391947 11541.88885522 -2752.96304027 -3167.10141392 17 109
500 501 9780.62516561 3487.67903555 -1772.25149953 1811.77829315 18 129
500 502 13752.86234996 10161.93786715 -3461.44054746 5004.89792890 13 135
500 503 2417.56575571 3813.44679955 -2311.74991589 -3353.72159847 19 148
500 504 10382.49049622 5271.36605591 83.51238353 5839.19919181 21 109
500 505 17858.81146694 15540.33042906 1872.95565273 -5142.47848166 27 163
500 506 18697.96957615 4326.18956845 -1521.35931599 -5323.85863903 16 142
500 507 12102.39347041 19341.84078639 -3040.84706983 -3665.87087335 23 146
500 508 15507.93017516 19004.74869710 -1974.80570835 1683.38174311 21 116
500 509 10218.59531854 2758.64465532 2108.34560830 1135.15680268 12 126
500 510 13822.94403749 4685.34944782 1030.66925494 2866.39819594 26 100
500 511 16485.07495560 18500.04353693 1176.84112760 5673.54378574 20 112
500 512 2732.55537524 5677.82843288 915.29280167 1439.19266949 23 167
500 513 16360.16523101 16906.01497807 4339.35429018 935.75419593 15 132
500 514 2026.28015903 13805.16118264 3014.21115310 -3463.29931552 18 125
500 515 8015.79560881 4198.59871479 -1413.94899386 1772.21257700 22 107
500 516 1.00000000 4930.55742504 -3289.61355688 6347.34265736 20 110
500 517 5932.58970530 5209.17577287 479.36291525 -987.87930342 19 78
500 518 19271.00438189 6493.65297936 -642.70838543 1391.36535657 14 81
500 519 1966.91720361 9336.88233636 -5322.60872668 -1066.21176636 23 161
500 520 11167.29165829 16557.65357314 -2239.31376102 377.67193693 18 103
500 521 9445.84762284 10043.63257318 -6130.32002094 -1285.31944780 23 111
500 522 1724.04504175 2110.14979882 -4066.55749877 1210.27604687 17 147
500 523 6167.30497150 2405.46485280 655.97635220 4877.74052879 23 134
500 524 2780.72699880 19813.31189906 -922.81085486 2564.13010909 17 180
500 525 19963.43649382 9970.46802660 -2801.92094244 -1689.97179323 28 153
500 526 6045.83157552 8074.04218746 -3450.59446689 2684.48177927 16 85
500 527 15185.23242077 3963.70508698 3141.66095830 1590.83678716 20 126
500 528 1.00000000 2142.84212055 -7116.43274556 -3067.06933273 23 115
500 529 1764.46646450 1152.07489774 -2049.89621069 5986.31077810 22 161
500 530 2475.02765515 15211.77886471 -7043.69184925 3648.39010500 23 135
500 531 3221.40760438 16381.58239847 467.32923002 157.52266288 22 117
500 532 7926.99962313 8162.97632767 -3918.72662868 -910.46335941 15 105
500 533 2842.64290723 26.94930520 -1498.63699616 4244.70257820 18 118
500 534 4146.60365665 9172.66334874 -3210.51580328 2607.64778860 25 119
500 535 12704.64024326 10387.70856878 5499.35885796 -3627.78003043 16 117
500 536 535.28043627 16458.28399123 1102.10873837 258.50701079 20 94
500 537 2369.90397331 11062.83354683 534.73593748 5274.34058869 15 109
500 538 16433.12107902 3160.49655889 -1733.28504041 -2999.02915022 21 119
500 539 18874.74484892 7930.86729007 -3583.64344588 5172.60071927 16 87
500 540 230.04198786 1175.42871479 -2705.96527670 6133.85862442 19 148
500 541 13029.26022032 14634.16000765 -64.43618278 911.41276238 17 89
500 542 17981.50959765 18506.70766475 460.68963200 796.89904242 24 106
500 543 3536.96546748 13848.69388927 -2860.83199536 6769.13877785 14 182
500 544 7354.85945071 2069.79551437 1147.23783439 -1896.92679521 21 97
500 545 15070.42989794 14601.07491464 -4154.42835034 5124.25160653 23 109
500 546 1288.40210932 5446.44310301 5063.87010547 4258.61231067 26 128
500 547 18858.18344897 15210.05245174 6446.97950854 -1186.32972273 16 127
500 548 1.00000000 19996.80253562 -2540.57776327 -3479.98214379 19 133
500 549 4228.32039284 3964.85998892 6010.24811370 574.17300629 15 145
500 550 11467.79362449 14182.77070721 -357.76676341 -1244.28572420 16 144
500 551 6695.09924813 7808.01503721 635.46808499 850.48735514 25 122
500 552 3512.52279560 15537.93661038 1904.25742978 3230.44878276 20 131
500 553 19478.23713701 5561.06680619 2264.51956567 -674.58246064 26 137
500 554 19858.95469949 5837.02062137 3166.50418538 5729.00257767 16 101
500 555 16721.08404566 9650.89256422 -3524.19675504 852.47275014 23 157
500 556 3021.87864010 484.20969311 -4801.83478057 -3513.53904846 19 163
500 557 13136.58492357 12035.07113508 -69.88263488 -1840.47378823 16 173
500 558 9568.88181531 790.10022398 5085.26453413 -1331.65567570 14 102
500 559 9014.29778827 4870.81597867 2334.58852013 -3414.64472824 13 126
500 560 1961.62853924 10159.95650774 -1024.63781132 2003.08958635 13 99
500 561 1552.97882032 13715.80834502 1154.58115003 1160.48950550 24 112
500 562 4184.02060002 4531.18748720 -2594.30322457 523.51784411 25 114
500 563 10487.68593203 15978.46824024 -2646.12221094 -27.35904334 18 96
500 564 19191.84806956 7097.18826370 -403.57596522 2879.92892088 18 93
500 565 9606.68892477 19121.63006043 -1911.66830511 -8460.06629592 19 98
500 566 3457.65066315 6161.92211514 -4581.98063328 1466.20499102 21 149
500 567 1534.13124459 15709.21068827 -769.36953148 -3468.50070969 23 107
500 568 2847.80759014 11161.48205266 -6071.44952562 242.28790589 12 120
500 569 16059.58574278 12135.78252798 -4710.00415665 -2739.00946965 19 120
500 570 10714.77665909 12226.07171375 -1345.39098899 130.63759234 17 163
500 571 10850.44990518 19836.75931018 481.64676902 1649.35355592 16 105
500 572 11083.91690513 4171.68294356 1312.08263611 -3016.05877214 18 133
500 573 654.37584447 12562.01311080 -677.16795276 1877.32382705 25 129
500 574 982.30248592 3274.61938526 -847.85696932 -2018.90475302 18 134
500 575 11589.85340178 11981.49109843 -4840.51465982 -779.97351257 22 136
500 576 18101.54683779 4409.40307528 866.87877911 2407.06634343 16 132
500 577 4708.16116790 541.53639073 -4487.62401076 -1621.45530077 15 133
500 578 16823.19977363 631.26636145 1784.61274419 3008.40404224 20 127
500 579 10537.32328580 6797.94724582 -4095.26993104 -3865.83463759 21 158
500 580 6698.03688990 9356.16475901 859.73099577 -223.60916627 15 149
500 581 7482.52442857 8933.09471412 -4565.65766815 1597.26408692 14 100
500 582 15957.83924921 9253.59441326 -1827.33664606 -1607.69509096 20 139
500 583 6034.58659090 814.32427234 -604.58837046 996.01182777 26 139
500 584 3220.11353172 16829.35775952 -8899.90230473 1012.53895575 25 128
500 585 18192.87564516 17530.58852931 3605.43750090 3640.88136540 20 152
500 586 4009.99363673 4546.72731392 -6518.63226296 -5196.24592604 29 128
500 587 10494.96296524 15087.01874476 1333.02457750 1162.06154319 18 120
500 588 18465.17126459 6851.16479443 2937.65106115 -2191.30586759 26 142
500 589 4682.13587293 14452.98374905 2535.51467271 3475.55878800 14 142
500 590 7499.99258540 7004.97824218 -578.64732163 57.58258147 14 82
500 591 16623.68308711 6694.73174195 -969.81990109 5478.83444211 21 143
500 592 8681.26412325 9392.13201910 -443.38611030 444.54652539 27 106
500 593 10271.71432757 7703.91258731 -1005.56794440 1706.31873964 22 120
500 594 16692.10196274 11900.63114679 -1745.00432322 1658.09223193 18 140
500 595 14199.82908920 197.21807447 -1055.93532177 -5458.56562753 18 165
500 596 7817.03065756 14478.76819546 -2626.54990147 -2133.19227134 21 129
500 597 11815.64483612 6137.03900383 5831.30639535 -6930.98049809 26 128
500 598 18293.55359280 18748.76967570 1332.69073791 -980.02422408 14 124
500 599 6470.32605869 11471.90143417 -1846.94063916 -8091.08398242 17 129
500 600 4848.44352660 10476.75284143 2716.76024192 1254.32272892 15 155
500 601 1300.44750801 1261.40412237 655.23792734 -2029.34589997 15 130
500 602 7534.36084514 2924.04618169 -1120.37947270 -3413.92248903 15 93
500 603 2666.97249378 1777.24642011 -1224.38938607 1822.40218747 16 125
500 604 5897.37015085 1880.56531210 -1175.13582076 147.89977337 13 139
500 605 15975.37412963 19340.85997194 -6288.51798148 2729.65153765 17 176
500 606 5928.11174222 19146.29100257 -1072.42868850 -2576.67265494 20 129
500 607 16952.50782857 10690.96240649 -1510.85614386 5344.98120324 20 129
500 608 2624.03718354 5547.56102969 -2874.84329357 -2634.04063275 16 111
500 609 8793.01622086 3107.28422013 3526.84634110 -4611.21447248 15 119
500 610 12842.00517821 9820.65469880 -2430.43347198 -50.87402460 26 110
500 611 2821.80073855 704.50564103 -2724.81858748 756.87564626 19 129
500 612 14711.51950905 17615.38011968 1663.42051401 -1233.94233218 22 132
500 613 5170.02117967 17529.91959590 -134.72491662 -2707.28923047 20 125
500 614 17058.70006249 19362.37809754 316.63138756 -374.42347713 17 123
500 615 1903.68687571 10813.66494667 -1639.62125936 -2935.88203188 24 113
500 616 11776.63116440 13218.00010063 -2410.62552928 -1594.16033123 25 151
500 617 12290.16894000 5561.12702977 2514.23451112 -2326.46331511 22 150
500 618 15830.21131629 14511.04839157 -1743.59336165 -279.18745017 24 132
500 619 6885.70901123 15510.70770789 1545.98160414 6200.63912442 23 109
500 620 16884.13682287 7579.31996042 -545.53748843 458.48487045 19 144
500 621 5148.25897750 11392.12858980 1704.74258681 6937.10031714 22 107
500 622 4471.55887761 8031.80448897 1245.25720390 569.23331103 25 123
500 623 16304.70621319 5635.27066828 -2041.25664184 2330.20642439 17 149
500 624 6077.22627956 14248.47702504 -3208.12576761 -345.40517124 14 122
500 625 3541.16476450 2811.87059079 787.62793427 -1020.41866354 28 114
500 626 7076.99501810 8593.83113623 -2952.65982703 1438.22305137 13 91
500 627 16491.86465781 9233.21353538 -1699.40284505 -228.79487523 18 103
500 628 19600.98921668 4176.24592738 -482.74143294 -25.24926102 11 142
500 629 3620.35769293 14345.16977494 3215.82144973 264.00064757 18 80
500 630 7623.06833723 5483.79236247 3606.72474270 2741.39618123 26 122
500 631 15155.97958875 7450.42982417 -351.69533084 -2871.49517281 16 162
500 632 6098.20487135 13099.24965016 -3664.34307490 155.28962473 18 114
500 633 10121.73253419 18836.62607202 2978.83813168 -283.76740657 15 124
500 634 8310.73988651 11674.95832080 1364.52873011 -1150.35736890 26 104
500 635 4477.49521045 14601.35108171 -1962.84832523 967.33483629 17 138
500 636 12446.85855762 8446.90377960 7299.02961573 2111.47594490 17 161
500 637 7477.43233793 5308.81780537 4579.07205632 882.20998885 22 122
500 638 14204.26374468 16895.83751989 5700.21062411 -1771.63935348 33 131
500 639 7379.31532933 8372.37578442 1741.73951445 -1171.89864921 28 100
500 640 5123.85737652 11169.01207683 -2284.12363433 3798.33383653 14 136
500 641 15611.06945510 17472.11163139 -4720.80837743 -248.15829082 19 81
500 642 2419.07991400 5383.68232409 -2242.16235683 4519.97122834 23 155
500 643 18134.84775549 3423.21293801 1960.55014223 -2252.16233324 15 109
500 644 7454.47132832 16307.15930012 6647.19014821 858.21891053 19 150
500 645 1942.14461730 17751.88746492 1937.68911192 19.38004500 18 159
500 646 7965.23524966 16542.68788176 -8067.58500104 550.09987850 13 109
500 647 14908.27994138 1581.23025837 1749.15054842 2020.04639355 24 135
500 648 17424.47030162 12201.18966246 -921.02428584 -1511.13913956 23 104
500 649 8196.06908148 7882.95940797 -421.35141028 -3289.57287829 16 100
500 650 15500.93997867 14891.10860102 -1716.32963511 2985.57576921 22 130
500 651 12230.71134109 7465.07634147 3360.25871251 -760.84653804 26 125
500 652 18610.29168211 16666.78425197 -40.14289892 618.59765138 12 112
500 653 12458.54127372 12538.55152132 391.21410355 -1800.07280267 22 134
500 654 2950.02049319 1308.38821815 -1311.45996206 -1406.72449076 19 133
500 655 470.33482398 2053.52429431 2206.08931425 -3499.77339965 18 130
500 656 8891.18787184 14792.69048674 1626.54091627 4395.33762300 21 144
500 657 9655.97486520 10069.07398687 5516.77498502 -1578.20143600 9 134
500 658 4063.00618165 17825.52845470 -2599.24439111 -3695.24525755 17 141
500 659 9503.60825937 2896.86215707 3453.58300540 -866.93264288 22 140
500 660 8802.27198606 3621.01356779 3460.99252234 328.77036194 22 160
500 661 9061.46787984 7401.63845751 9686.15595995 -3847.40523766 19 129
500 662 3259.85143480 13580.39991614 1219.37508296 1638.96044899 22 151
500 663 1548.45390493 19999.00000000 -4827.63706948 9247.34860505 18 109
500 664 16632.11726700 10946.62577150 -3366.88273300 5497.17473472 19 92
500 665 5403.71755445 2475.64983990 -4892.08524050 -175.19376330 20 119
500 666 3063.33254830 13051.56101116 1504.56185758 -344.89889199 16 118
500 667 16594.92523213 399.22949141 2032.88473512 2220.22119402 18 99
500 668 18594.06811306 14273.67564841 3841.23594522 3819.71765411 21 136
500 669 5147.52916006 2466.46425844 -2182.16859565 1747.49617084 16 146
500 670 9061.66816084 14569.58141562 2951.01803698 -1343.98517497 22 125
500 671 4894.74509049 16130.57026923 -2662.30703807 -2451.33892545 20 153
500 672 18817.65006284 10724.89690288 -1871.69772442 -2210.43596619 12 137
500 673 1967.67037768 16842.88218417 -2343.57668977 1846.34029337 15 120
500 674 6588.46396281 9976.35631335 -1400.69468469 -3383.50407495 15 103
500 675 17142.84981606 18650.02587419 -2856.15018394 -1110.61028227 25 136
500 676 1529.44945763 19749.35050590 -1499.74651763 99.02758051 18 131
500 677 859.41104173 11062.50923943 -793.73300802 -1226.32482647 21 132
500 678 12733.29216843 15443.97178415 -570.28157311 -888.98650190 23 97
500 679 2614.69894345 19999.00000000 3133.44794050 1897.28152839 25 136
500 680 570.95755614 5766.27570762 -1520.77008632 -31.45466908 17 117
500 681 3268.19034347 5165.28281014 816.79758587 -3425.52906063 22 133
500 682 2999.81912140 17414.33025540 -347.12279066 4881.10049229 17 109
500 683 8915.00555389 8820.91368459 2068.36890342 -1948.50539471 15 157
500 684 16757.33884409 10068.76852723 -1777.36371125 -1546.46902365 21 149
500 685 11372.44881022 1281.46280672 1584.25655987 1914.82696271 22 133
500 686 11172.95390837 8137.50731922 -2942.01536388 2565.26134393 21 144
500 687 2532.93870723 5252.29787226 -3300.35522225 1955.67185922 19 126
500 688 14714.05022020 8584.15818146 3166.51284084 -1632.45820177 24 91
500 689 2879.98342269 2157.24169478 1239.85647805 -3722.64486931 17 130
500 690 19118.14135637 4811.74431388 1612.57265906 -566.39324107 15 125
500 691 2818.89387024 1500.52010124 4846.73767129 161.27021226 21 126
500 692 9457.99931574 1695.85831245 -1550.22690943 -4583.70867341 25 120
500 693 12174.73329901 16065.08515713 -4148.98278150 1513.51838950 20 131
500 694 14078.87340835 863.35544034 455.74573483 878.26365305 10 116
500 695 1641.96988836 13026.42857361 798.77197531 -3751.44339603 20 104
500 696 17114.48330007 14383.90512122 -108.91912920 1925.86132852 17 166
500 697 8398.80084237 11707.74660486 1883.09400725 2926.68665121 19 119
500 698 7775.77007005 11868.87747863 -642.07847005 111.63356080 16 83
500 699 11992.40015395 18705.46993411 5110.18889744 4286.89690936 23 165
500 700 14956.14211737 10530.59504330 -1249.93220289 599.61801952 24 149
500 701 570.63465459 18157.01598997 1975.12981494 916.73650520 19 108
500 702 7215.43673329 3281.61287008 1198.72266250 -3134.81407987 15 134
500 703 17290.15102057 2801.54715985 1565.66127980 -4588.79637389 17 143
500 704 983.15761332 9084.98459905 5060.88485083 4275.11505985 19 123
500 705 10826.27923756 16579.24497022 -1240.01910755 1094.93578412 13 130
500 706 13562.23266172 6172.36397412 -394.91968285 2042.68040375 8 106
500 707 19524.81306848 11679.16542742 -3338.70128456 5279.36090457 20 159
500 708 4583.85379372 6868.91742799 6918.52163167 8.21194979 14 90
500 709 15531.58213813 18510.00898245 -1236.32049656 -4288.47321145 17 137
500 710 13563.77642814 16941.38910187 -3250.50297654 -5455.54145705 25 131
500 711 8447.91566194 10903.17293228 594.33876166 -2078.13050484 18 108
500 712 12172.82817160 14767.62253733 5332.02813931 4548.03613502 13 137
500 713 13757.65620903 2784.87549834 -1064.14204040 2278.18754983 26 148
500 714 14030.26403453 4419.12092935 1916.56060760 1846.70484023 24 139
500 715 4981.98126196 9796.28463654 -4940.86875183 2251.26724634 17 144
500 716 9277.74948301 11459.94574032 2989.04014483 2815.30802559 25 122
500 717 7907.75528887 11934.18223445 -2616.69841497 -5549.83425054 25 161
500 718 3463.14918560 13665.21785842 -2061.06433813 6707.52723230 21 142
500 719 5823.69149592 13576.37848998 2139.00566251 6787.68924499 18 117
500 720 17140.58745842 19569.89335956 1342.67250757 4120.52373670 18 135
500 721 11210.09153253 5731.11695242 104.96520482 648.02045512 20 126
500 722 18588.34461924 13735.15765675 -1.89673110 -2045.98672764 15 131
500 723 11499.71736255 7154.46639926 1956.86717607 -1417.96721691 20 125
500 724 16726.58314921 1842.97327131 -3272.41685079 1582.50521829 12 101
500 725 14958.36169442 8238.20102290 -1682.36696572 904.52267676 15 137
500 726 13966.73187520 7199.45666506 2345.25571762 -992.98434395 17 113
500 727 5785.92346363 16414.54378380 209.80100330 -2317.96531245 24 125
500 728 15730.72664208 13304.10471493 -4268.27335792 -4566.78040783 16 119
500 729 2434.07976154 14684.88323278 -1636.09267502 -607.44651337 18 134
500 730 6209.52412816 13187.62960189 -4596.49195728 -2164.84791736 14 98
500 731 11188.25418031 11571.91792799 -4976.75249223 3966.68599446 20 138
500 732 14412.28143005 13829.83980779 -3282.42969702 42.56563507 22 122
500 733 12473.61180698 5625.04091703 -3415.32675227 -2327.21695901 18 143
500 734 16021.79937424 19131.10379778 -1663.37246025 -3002.82589505 16 127
500 735 11816.01269080 2823.01109407 -5770.32952789 4338.35701905 18 109
500 736 10934.53003245 13659.04415102 -5926.83696175 -104.89590845 14 77
500 737 3545.14360266 12694.63471379 1098.02214679 -1815.31799466 12 115
500 738 2562.03883418 13613.65753333 -4359.24029145 -1556.66472534 16 104
500 739 4996.06842071 16680.02218547 3086.07632191 223.47749937 14 116
500 740 8811.14656017 16646.88671710 -2421.58036747 4795.46246169 17 172
500 741 266.90787337 11410.68771815 3104.41767695 -4764.38538031 24 108
500 742 10958.59224376 18452.60553666 -1059.61732090 189.01690200 21 123
500 743 8347.56197290 10936.93039707 -1905.80012429 320.17187861 22 105
500 744 6334.68764636 1721.40189932 -2446.54292520 4759.64416381 17 115
500 745 5763.05552997 13862.50562034 -1112.93520476 2252.85873903 12 109
500 746 16563.81803942 2578.67905353 760.97359010 -685.90014477 16 131
500 747 10775.23702619 14978.47035011 2366.96572642 8508.60818829 15 121
500 748 9743.45476929 690.52611596 2767.95604734 -1727.28542555 17 120
500 749 19326.56256620 4623.21533084 128.10337180 -2189.32601274 21 101
500 750 7254.26305602 7072.22165683 -5261.89554493 5441.45135355 21 133
500 751 10490.02999236 9853.63028939 -125.56238305 -4526.03264257 20 117
500 752 17657.77784128 3493.92006140 2259.98968058 1628.00204235 27 93
500 753 8428.55537023 18993.60368986 -2164.60061037 7798.12073797 15 129
500 754 17953.42725507 18169.69790160 -3673.92879082 2798.51837630 21 118
500 755 19012.24240009 11981.50803986 -3777.31795005 -1946.98948962 17 166
500 756 16696.86024005 3338.79366528 -825.53493999 5439.87467890 25 119
500 757 178.56099529 1643.02056304 2387.08698060 -306.99303338 17 120
500 758 8252.19946916 16527.48964533 2243.51893338 2893.63908936 24 139
500 759 17227.60059414 16921.49707829 -4673.76310906 4633.67830010 17 155
500 760 1545.79328709 7144.91976723 396.09328662 -1642.70739937 19 95
500 761 13287.63074879 3285.27775422 1118.94798511 1029.89640472 22 91
500 762 14545.99849599 4175.30221516 4641.13877036 -5803.94522234 17 114
500 763 2646.54434746 10286.91385482 -27.54550132 -4217.49412194 15 102
500 764 15137.02535181 12198.02058829 -3294.90128702 -7800.97941171 21 131
500 765 8196.69899235 8922.37236540 -1224.30508142 995.68733129 19 126
500 766 15358.68046094 17726.34202421 -3519.75993415 -2821.79889014 17 109
500 767 7637.54646107 1507.15796075 -3333.14959253 -18.95417300 27 108
500 768 1712.85370565 6288.85614240 -3073.99954959 -3038.59417858 21 155
500 769 15864.14922268 9092.61721301 -2413.28507773 899.06774376 19 137
500 770 19197.23008176 11413.71346006 1742.95753726 -848.31094913 23 108
500 771 1517.97331611 19999.00000000 -1701.65325153 1142.23081951 19 126
500 772 16227.89162530 13716.76307238 -3462.08723078 -674.45877398 26 136
500 773 5404.24556014 12824.57710458 1459.99601417 -1413.35902492 22 122
500 774 5591.38737128 14723.45694924 -8959.70750858 -34.84061795 21 125
500 775 14810.10409838 5823.89439440 17.61933965 -4171.54739195 23 108
500 776 14420.63823563 15523.84018604 -1537.16856233 1801.74693106 22 150
500 777 5069.58548220 8598.21697985 4069.83265872 1432.86949664 32 111
500 778 2152.27768103 1570.09087118 2467.73219959 -4581.10652137 28 102
500 779 16161.91810759 15705.16098843 1035.10045851 -4130.59173675 15 82
500 780 3149.57443216 4904.33344486 -3352.74409756 649.10514042 16 135
500 781 14788.17363642 3753.09692870 2199.83936921 -1647.25644079 21 156
500 782 18944.94854216 17021.35012775 -3043.00616511 -0.62045584 21 122
500 783 1.00000000 17493.16903035 -8002.80773258 -4389.10487564 20 119
500 784 4126.38032269 3320.32841882 -2759.45976340 2061.26414634 14 168
500 785 17362.24416405 17098.61052129 182.12315100 -1343.87306720 28 133
500 786 13141.55861188 10012.79436981 3125.63427478 5294.34084528 22 128
500 787 8797.04568894 9244.92890279 -413.26367233 -1527.00938983 11 87
500 788 8859.59836757 13042.81248293 6845.57185721 1895.12747604 15 123
500 789 17121.79366687 4207.59728644 -1091.43001146 496.18328198 29 117
500 790 13225.77972308 16386.55479825 4334.60510556 -335.78158567 15 127
500 791 8602.84551980 14534.45624061 104.22356471 -458.77491111 21 118
500 792 4488.70171927 19530.59900880 4574.69183350 723.31848181 20 101
500 793 628.16980623 14294.65056302 506.46862057 -2772.10063883 18 115
500 794 19625.54593397 5833.37745255 -42.30364040 -1137.46667276 29 112
500 795 19806.35144435 14393.64197376 -2728.58603509 -3890.78900119 14 107
500 796 10226.74523016 9298.02601484 592.22784025 1723.23682440 23 131
500 797 3391.15139948 7623.97316848 7364.78125006 429.04331912 22 103
500 798 2396.04684018 12010.40224391 2015.18141464 -278.12756931 24 110
500 799 9430.53322250 8676.28885111 7632.22244694 -752.98770613 16 127
500 800 11857.02823234 1048.79076909 -1489.41442053 -3091.94403847 12 131
500 801 18837.25248429 9940.32411205 690.08022267 1370.30886644 15 91
500 802 15061.30585722 17760.02729584 844.02784553 -568.58311055 22 147
500 803 4722.08190321 18349.81097239 3531.29741474 2596.87374390 16 164
500 804 11501.81419570 16905.11179630 5350.57051480 -1019.73424411 21 120
500 805 12328.66308871 13869.34217212 -1298.93697969 -2713.27398988 28 109
500 806 10504.80996990 5936.27413578 3257.65954698 -5398.67811075 23 138
500 807 15591.75172550 3270.97970529 2029.03848665 3466.87701299 23 140
500 808 19619.01173210 1046.84660409 -2257.60142775 560.27376673 20 123
500 809 924.40629439 17610.89850669 1155.52086467 -269.76788393 19 119
500 810 14994.23266307 14263.68452267 2054.08434857 2885.30492333 24 153
500 811 7874.10890422 7676.19366848 2057.85718142 638.66004702 18 97
500 812 16500.82646429 18448.56657676 -892.27773884 -1821.52975909 20 120
500 813 7473.29677744 3853.57596610 -221.25119133 -865.67641385 22 118
500 814 17245.48509749 11111.68799219 494.18075220 3525.92084809 17 145
500 815 11323.22261330 19734.37211912 -1675.32621886 -3669.50592641 24 135
500 816 11501.35208975 17005.19074160 2300.07041795 7097.97096790 25 135
500 817 2767.13731273 6666.06553401 -873.40154841 -2896.25552165 13 123
500 818 4820.73518238 6126.12976676 1097.78840719 509.11441862 14 143
500 819 11073.22185608 6027.46452818 -1785.15562878 1107.08700761 13 128
500 820 1075.55675762 14706.45980397 -1272.65153032 -1949.24543889 21 126
500 821 2393.88201919 19999.00000000 5911.09090995 2245.77982793 20 88
500 822 17216.68533340 6745.13854722 3425.63836660 -2650.77229056 17 150
500 823 17806.91651207 6231.83527132 -2570.70888478 -5480.39307147 15 128
500 824 3097.34583409 7157.85246996 -2051.63314136 5124.31524482 15 106
500 825 182.82416824 10540.88387280 332.56540467 1359.96523637 22 129
500 826 5003.85020836 2154.85099793 -2427.55372312 -2226.00876483 18 114
500 827 12355.80868767 9722.54351438 -719.02033700 -7027.04564856 18 112
500 828 16197.94147736 14255.93765299 3148.59777426 3741.64439622 27 131
500 829 3153.90790830 12846.28376333 1424.85565990 289.63110722 25 113
500 830 15846.86857213 10290.91203271 -1529.68513302 -688.19336114 15 93
500 831 9084.18478335 15256.80919435 10318.82281763 4406.72614929 30 164
500 832 1697.44140010 14040.74359618 1895.11097273 262.59831083 24 121
500 833 11123.17291862 15990.63919641 3170.25442007 577.18247954 15 107
500 834 13779.02549341 1680.98788762 -3951.91249569 2110.28665297 23 141
500 835 2258.19228388 923.72625827 -5182.32051441 443.25274235 13 131
500 836 6690.35681163 11288.00849199 1115.70305639 455.03147216 24 117
500 837 5835.08121428 860.36557450 -2946.12380024 3982.90589213 21 95
500 838 6502.82045947 1673.15523668 -5146.46461509 -274.45250235 20 125
500 839 4261.88720579 839.00705763 718.89301496 3743.64660794 28 102
500 840 11617.14064800 15058.64673633 2968.07125188 720.70389669 27 130
500 841 888.26422325 7337.89350843 -1470.05659821 1989.89259157 11 130
500 842 1114.18249175 5437.29735208 -623.42493570 -1473.34786440 23 105
500 843 2206.27595091 3867.37603996 5359.24034094 -196.21880276 13 132
500 844 4643.09010740 2009.13467619 4642.09010740 1213.35329421 16 143
500 845 14015.69455527 12952.92838621 -4405.82906289 -3023.03628341 17 110
500 846 15193.85483472 16733.29853215 6265.57123623 -3597.09993049 29 162
500 847 15363.13584443 7638.37467204 621.84394768 -5336.66962974 25 157
500 848 2644.53898445 18051.30186097 2526.31880787 13.18453546 15 102
500 849 15774.76533584 19112.17261062 -229.85307197 2177.63253836 12 89
500 850 12789.40315945 13839.11488631 2504.16496657 2039.69363594 18 106
500 851 12184.33492749 8722.28509926 -1270.56951864 1308.33748606 20 139
500 852 238.61788391 15262.60277587 1611.02478031 -987.58480273 21 94
500 853 12400.64067127 7245.97034006 870.69522605 3965.31683364 15 126
500 854 8288.31217453 13299.82603610 -90.00512757 2395.58310900 16 118
500 855 12653.50129350 13055.37773429 -2216.56667443 -1286.04238303 20 111
500 856 14017.77158813 2345.89548463 3685.24379384 -566.04355655 21 169
500 857 14992.42176841 16494.28777351 1507.67336140 259.90613429 15 96
500 858 9557.01420572 6250.08582943 -4086.05186133 -2243.53659015 17 93
500 859 13898.91314498 6537.66283480 -1824.72375956 5434.64902197 18 129
500 860 19545.63154104 9394.15868279 -324.58603975 1031.58559607 19 105
500 861 7799.53455228 13289.07508542 497.33007385 2219.07167236 26 99
500 862 5962.59707650 8002.80340026 -451.10368960 2580.32537953 12 133
500 863 4326.20182904 5197.80551597 -431.80338502 -5425.34157994 22 130
500 864 13597.82012485 11482.81025248 1748.83598961 686.67152854 5 101
500 865 3268.80105658 11511.70569560 -1790.21500006 113.66713929 16 130
500 866 4435.42021586 4315.07757165 797.70393093 3249.77257287 17 99
500 867 12319.76248870 10418.42349880 5672.91685342 820.81018561 19 160
500 868 549.32762057 9442.22710252 1618.11634334 2144.75939136 20 133
500 869 9811.36387366 18131.38716386 -7005.28596169 -1867.61283614 29 131
500 870 6351.71632118 6769.23850383 -696.47053401 -571.14465783 20 167
500 871 4115.55101777 15188.59953147 1768.52035077 -824.30673533 13 110
500 872 4294.26992179 5683.16023894 389.88251842 -795.32443117 17 130
500 873 16596.93362966 18016.94526274 1690.45390918 316.27921718 17 131
500 874 3835.95374807 6824.72627034 5633.55220455 1145.70387103 20 118
500 875 227.40498463 17765.99921976 998.01756437 4656.67735811 19 124
500 876 19988.58945862 13240.81594403 6662.52981954 3833.23786265 25 132
500 877 12939.76399668 6169.00058295 2176.98322918 2012.63544251 16 105
500 878 9052.38772831 17709.17620899 -960.26571407 1095.37621604 16 103
500 879 2594.71208721 504.35239827 -3187.79513703 -1600.02293408 24 96
500 880 124.81239606 12869.60289522 -3552.44861342 3806.95724938 13 139
500 881 2782.29813757 4016.19061694 -5435.81542797 87.23171262 23 109
500 882 9010.44903467 19383.85568125 -1233.87619417 -1945.26019608 26 95
500 883 2974.37979407 13685.82732995 2170.74301820 -6820.03050460 18 154
500 884 14452.56709616 12809.29444164 -1842.79092419 515.39441211 19 105
500 885 4693.82116641 18873.50859412 3627.07537010 3950.97198369 23 104
500 886 8182.87860132 3249.51710971 -703.23555648 72.94863291 20 83
500 887 1769.37132075 1863.16271046 -1179.25491381 -1027.62161314 20 102
500 888 2710.02759578 15108.44034807 -86.79691726 2361.55190305 16 126
500 889 1846.21413610 19999.00000000 4697.98788046 4213.72335694 21 139
500 890 7627.02140453 16534.82651851 -2628.68978580 -1755.26875634 21 124
500 891 12913.83845489 10391.60348404 -3020.60115105 -4803.69825798 26 130
500 892 11797.28455659 7171.41415929 -4793.10081374 412.94735683 10 131
500 893 7090.18763856 13352.33946519 4344.85233368 -1107.77675580 26 111
500 894 4969.20518792 11378.70654967 6588.82750854 2309.80053251 20 139
500 895 8458.36912810 2770.00191128 -98.00837792 5355.02006909 22 120
500 896 3348.87362826 3149.39247441 2152.82808413 -1087.59210019 18 99
500 897 2655.17366389 11229.78941715 -2226.04271913 -1642.31491739 27 151
500 898 2246.80000451 18111.15158039 100.28929101 3118.80477345 24 104
500 899 12437.42309403 17737.99359020 -1175.75032303 4951.25305883 22 118
500 900 11285.03264488 12463.46004383 1557.48086958 -98.62160416 13 119
500 901 5945.17586968 2576.94309229 743.02198371 5242.19147694 20 126
500 902 18640.35544446 9382.02196321 3060.71897508 -1126.15299517 16 90
500 903 19652.07750078 13300.36246206 441.05016099 -1525.27393942 17 106
500 904 7931.29222573 9253.89072340 -269.58402432 -3731.50528876 19 118
500 905 7835.34356888 11481.72192202 -1663.64069760 3825.56841354 22 121
500 906 2809.08626205 3579.94071340 -2231.20422859 -877.63700516 20 99
500 907 16166.06549851 19150.01972053 -753.75271149 -2711.49747854 22 147
500 908 4864.43132268 19798.97432543 1775.81652305 -4151.82355659 12 120
500 909 8048.80400096 18743.10825522 2822.12205128 1403.55881686 24 152
500 910 5611.07822567 5547.28983399 -3552.81433171 -5107.12339648 15 112
500 911 19834.49713636 10752.29930832 705.51175485 -1564.39199010 18 126
500 912 4164.32623024 13130.20039712 -5659.71072312 603.89909551 23 136
500 913 1316.07226889 8319.49419912 -1646.75624331 -2427.43398874 23 124
500 914 15193.45406404 3775.31784340 2479.03886233 260.90087313 29 106
500 915 6035.65134381 799.31916313 220.23725467 -3574.41359072 23 120
500 916 3783.55938773 18007.58927596 2071.89967896 2951.65916695 10 128
500 917 4284.27042044 6386.69499232 -289.70305489 -252.07972236 17 94
500 918 10537.00611104 6619.54507725 -1107.57314018 2077.89055518 24 111
500 919 11634.90202872 11273.62721395 1359.43113881 2233.61622957 22 125
500 920 14329.38384791 16242.52347684 3739.05243241 1946.65826085 15 161
500 921 7545.58743100 17969.89544593 938.71311637 -1236.19452644 23 128
500 922 10630.85338170 12704.18896947 -2903.77333049 -2738.41866147 21 113
500 923 7300.61849788 2073.99472277 1184.59098279 -2987.50087954 19 99
500 924 6601.08987347 19923.31144332 2736.27543791 2348.25361431 25 141
500 925 10766.38402400 17622.35025589 170.01513828 4126.33784640 18 132
500 926 4194.79517437 17212.56092621 -4129.69699909 -2891.63371873 18 136
500 927 16237.14958165 11597.42489837 -4091.90603308 336.08435320 18 126
500 928 10551.48129511 13963.40353128 145.83915569 -1731.76585778 14 99
500 929 15687.79701294 3364.58882183 1821.01945858 -583.74572607 20 138
500 930 10550.14586270 13554.18527971 -2159.29578051 4038.18455627 20 140
500 931 2781.94404829 5775.00958151 1254.74918823 254.42996643 19 90
500 932 1204.62797756 2415.72385163 -7.65058428 -264.13714692 17 114
500 933 9298.88443748 1.45256225 -846.31556918 1666.53771352 14 120
500 934 10636.65670547 16194.66157112 -3037.56509151 2642.06194174 14 79
500 935 7929.27786273 9205.49551236 -1737.01577432 -143.30085572 18 128
500 936 17757.35919582 14016.06291973 3876.77916527 1092.12735870 17 117
500 937 12836.94587329 5389.31568365 -278.62452596 -1652.40941123 23 132
500 938 15896.86347808 1835.15944853 3263.07849801 -1607.65201293 21 107
500 939 9720.67439957 15754.30701230 1264.92003617 4077.83606195 15 100
500 940 4127.92726714 14196.88456999 -947.91036849 2527.72609998 23 121
500 941 6517.02660738 16932.79589241 -500.40164374 -2523.87166950 18 131
500 942 10055.42038165 6495.71471186 5027.21019082 -4799.71478863 15 109
500 943 5700.32956426 11418.26876000 -4766.22347858 -2651.70478755 22 163
500 944 2494.49264847 4450.32555614 4175.89760722 -1656.04705181 16 106
500 945 1169.99948543 8125.06462049 -3604.73987256 -3957.97845984 20 84
500 946 8722.15222292 746.10510671 6793.50260935 -461.43343451 22 126
500 947 321.19127964 18020.60996033 -1923.59822729 -6276.11132360 17 167
500 948 5739.69737866 1766.51012821 -2629.64930798 -2006.59810507 21 126
500 949 17277.19157900 436.30927505 1053.60134056 1285.78709568 23 132
500 950 17747.28568503 15078.83208610 444.06525185 -4033.37181161 32 137
500 951 461.52780186 1867.25474466 -1885.93145594 -1123.02878630 22 115
500 952 15439.26826343 15488.30482564 2083.98373558 546.97987168 18 84
500 953 5500.11682173 12223.00407786 1277.81062397 1205.59638927 17 141
500 954 14819.45485816 6446.08892989 4198.58901926 4447.08683039 18 133
500 955 17808.50661672 17037.08516928 2476.28400414 -2863.86098871 15 121
500 956 16277.66999368 11078.84431210 -738.98877968 -1784.03113758 27 140
500 957 8751.10631275 9713.97546889 441.34487894 580.01438049 22 106
500 958 5169.46278816 6738.34687307 -3990.53656590 4606.29387246 22 153
500 959 5816.06252807 14425.78591435 -1654.79879069 -696.65176071 15 147
500 960 14441.39126185 7493.96378733 -347.18224837 1718.18523671 16 91
500 961 10298.22600553 1005.16616308 1556.14444253 1105.37716648 19 109
500 962 8062.25570609 12943.38116858 -918.21109953 -1490.30842374 23 118
500 963 6205.99489135 2743.15926879 3309.08623628 -7678.02868819 24 126
500 964 5225.09502613 12036.88293375 -4346.48812173 -5711.68086114 12 112
500 965 13439.24249180 18056.61355191 -207.56053862 1989.29208335 21 101
500 966 3443.77834936 1571.56292769 -7032.94188705 2302.67280865 26 127
500 967 16235.44408544 8886.70614521 907.75230514 -1679.39726020 16 95
500 968 14844.24031428 16729.71194099 2274.80851600 -1593.82237034 18 104
500 969 1594.00752080 18549.55897316 -6632.21388581 -802.98725676 20 130
500 970 8170.70248371 10081.10229490 3679.89037913 2889.49085413 19 112
500 971 6764.83800330 15454.72661709 -7156.15414803 923.39142960 19 150
500 972 10231.68478443 18709.95110116 -4865.52222230 -1689.45975262 17 111
500 973 18725.08815944 1038.41276692 5512.38768042 1641.33651068 14 161
500 974 19013.24877396 15391.40362379 677.69874776 -253.61390535 14 106
500 975 1295.63926513 5849.33534608 -1170.17900409 863.54152519 24 141
500 976 8423.03628785 12254.84720970 -1918.45358454 2388.16696191 17 110
500 977 8213.26919972 19593.82909735 2802.23555365 1409.26013576 26 107
500 978 5565.46622556 11804.99708130 1299.18612614 4185.16729420 24 107
500 979 16208.01099041 8555.30127327 354.22357030 209.86892734 24 127
500 980 19317.98699390 774.74526916 133.56689513 -589.44224673 9 87
500 981 8759.22111142 13414.76216643 3303.95732585 -241.19286447 16 123
500 982 18153.59553124 16595.85999232 416.67164734 905.77352389 9 136
500 983 5973.43083511 6184.64909561 844.53373897 -3126.87836348 16 94
500 984 1844.77650359 17810.14001601 3996.54176966 1780.91400160 20 131
500 985 7957.56453440 427.53801061 3088.66202429 -2705.68194321 20 140
500 986 15569.11415421 14212.47922008 -4804.01427497 1374.93110454 24 150
500 987 11679.70598149 2575.38874058 646.84252568 1092.16562128 23 141
500 988 1842.20473203 18656.67595075 -5250.01464048 2910.94610939 24 138
500 989 6368.03436846 18795.43817429 -2397.60129953 195.46663248 17 183
500 990 15359.16740619 14730.00127566 -4289.19128752 -5268.99872434 13 107
500 991 18416.58604821 15786.12964066 -1834.44983543 5483.19004650 16 163
500 992 3419.93244878 4071.50008158 418.74645476 -1207.27013114 30 110
500 993 7045.48714405 2437.96135032 3312.69143598 -2170.99590102 14 112
500 994 11729.09573601 6272.94334214 3750.97272481 -1986.29712332 24 121
500 995 16219.13535853 14357.38918269 5364.26106554 3435.43891827 21 153
500 996 3518.94211086 4184.96807083 -8778.14159449 -3953.50798229 9 105
500 997 7952.10970485 17420.66211478 -1129.28979768 -494.99075791 16 126
500 998 3450.47713396 3194.34599989 5682.25937732 -2400.66485716 21 134
500 999 17857.76856066 17857.12407611 1799.15683206 -2671.85443579 19 132
